1 2 3
4 2 4
1 3 5
1 4 6
4 4 7
1 5 1
1 6 1
1 7 6
1 8 1
1 9 1
1 10 1
1 11 1
1 12 1
1 13 14
1 14 3
4 14 2
1 15 14
1 16 17
1 17 18
4 17 2
1 18 19
1 19 20
1 19 21
1 20 11
1 20 22
1 21 11
1 22 1
1 23 17
1 24 3
4 24 2
1 25 26
4 25 27
1 26 5
1 27 28
4 27 29
1 28 9
4 28 4
1 29 12
4 29 4
1 30 3
4 30 29
1 31 3
4 31 30
1 32 3
4 32 30
1 33 3
4 33 32
1 34 35
1 35 36
1 36 37
4 36 7
1 37 38
4 37 39
1 38 9
1 39 8
1 40 35
1 41 42
1 41 43
4 41 44
1 42 5
1 43 45
1 44 9
4 44 46
4 44 29
1 45 5
1 46 8
1 47 43
4 47 44
1 48 49
4 48 50
1 49 51
1 50 49
4 50 52
1 51 53
1 52 49
4 52 54
4 52 55
1 53 5
1 54 49
4 54 56
1 55 49
4 55 56
1 56 9
1 56 51
4 56 58
4 56 57
1 57 53
4 57 59
1 58 60
4 58 4
1 59 8
1 60 62
1 60 61
4 60 63
1 61 5
1 62 61
1 62 22
1 63 61
4 63 64
1 64 8
1 65 66
4 65 67
1 66 5
1 67 3
4 67 68
1 68 3
4 68 69
1 69 3
4 69 7
1 70 3
4 70 71
1 71 3
4 71 72
1 72 3
4 72 7
1 73 3
4 73 71
1 74 3
4 74 75
1 75 3
4 75 72
1 76 3
4 76 75
1 77 3
4 77 75
1 78 3
4 78 75
1 79 3
4 79 72
1 80 3
4 80 79
1 81 6
4 81 82
1 82 9
4 82 83
1 83 8
1 84 6
4 84 82
1 85 6
4 85 82
4 85 86
1 86 12
1 87 6
4 87 82
1 88 6
4 88 82
1 89 6
4 89 82
1 90 91
4 90 92
1 91 5
1 92 9
4 92 83
4 92 86
1 93 91
4 93 92
1 94 91
4 94 92
1 95 91
4 95 96
1 96 91
4 96 92
1 97 91
4 97 92
1 98 91
4 98 92
1 99 91
4 99 100
4 99 101
1 100 6
4 100 86
1 101 91
4 101 102
1 102 9
4 102 83
4 102 86
1 103 91
4 103 105
4 103 104
1 104 106
1 105 91
4 105 107
1 106 6
4 106 86
1 107 91
4 107 102
1 108 91
4 108 105
4 108 109
1 109 110
1 110 6
4 110 86
1 111 91
4 111 105
4 111 112
1 112 110
1 113 91
4 113 105
4 113 114
1 114 106
1 115 91
4 115 116
1 116 9
4 116 100
4 116 83
1 117 91
4 117 116
1 118 91
4 118 116
1 119 120
4 119 121
1 120 9
1 121 37
4 121 116
1 122 22
1 123 124
4 123 125
1 124 26
1 125 28
1 126 127
1 127 128
4 127 58
1 128 5
1 129 127
1 130 127
1 131 127
1 132 3
4 132 69
1 133 134
4 133 69
1 134 62
1 134 61
4 134 63
1 135 136
1 136 137
4 136 138
1 137 5
1 138 9
4 138 139
4 138 140
1 139 8
1 140 12
4 140 141
1 141 6
1 142 143
1 143 137
4 143 144
1 144 9
4 144 139
4 144 140
1 145 146
1 145 143
4 145 147
1 146 143
4 146 147
1 147 144
1 148 143
1 149 150
4 149 151
1 150 60
1 151 61
4 151 58
1 152 154
1 152 153
4 152 2
1 153 9
4 153 155
1 154 153
4 154 151
1 155 8
1 156 124
4 156 125
1 157 22
1 158 153
4 158 7
1 159 153
4 159 160
1 160 6
1 161 153
1 162 153
1 163 6
4 163 86
1 164 165
4 164 166
1 165 5
1 166 9
4 166 167
1 167 6
1 168 165
4 168 166
1 169 165
4 169 166
1 170 165
4 170 166
1 171 165
4 171 166
1 172 165
4 172 166
1 173 165
4 173 166
1 174 176
1 174 175
4 174 177
1 175 178
1 176 175
4 176 177
1 177 9
4 177 179
1 178 5
1 179 180
1 180 8
1 181 176
1 181 175
4 181 177
1 182 175
4 182 177
1 183 175
4 183 184
1 184 175
4 184 185
1 185 9
4 185 179
1 186 175
4 186 184
1 187 175
4 187 185
1 188 18
4 188 189
1 189 175
1 189 12
4 189 190
1 190 175
4 190 185
1 191 192
4 191 190
1 192 193
1 193 194
4 193 195
1 194 196
1 195 61
4 195 64
1 196 20
1 196 21
1 197 175
4 197 190
1 198 199
4 198 201
4 198 200
4 198 185
1 199 202
1 199 61
4 199 64
1 200 19
4 200 86
1 201 175
4 201 179
1 202 196
1 203 199
1 204 20
1 204 21
4 204 185
1 205 153
1 205 178
4 205 206
4 205 180
1 206 9
4 206 208
4 206 207
1 207 180
1 208 6
4 208 209
1 209 6
1 210 211
4 210 206
1 211 178
1 212 211
4 212 206
1 213 9
4 213 207
1 214 9
4 214 207
1 215 216
4 215 217
1 216 5
1 217 9
4 217 218
4 217 219
1 218 8
1 219 12
4 219 86
1 220 216
4 220 217
1 221 222
1 221 216
4 221 217
1 222 216
4 222 217
1 223 222
1 223 216
4 223 217
1 224 222
1 224 216
4 224 217
1 225 216
4 225 217
1 226 216
4 226 217
1 227 37
4 227 218
1 228 18
1 228 229
1 229 3
4 229 4
1 230 231
4 230 232
4 230 233
1 231 26
1 232 231
4 232 234
1 233 231
4 233 234
1 234 28
4 234 235
1 235 12
1 235 62
1 235 61
4 235 58
1 236 231
1 236 21
4 236 234
1 237 19
4 237 238
1 238 231
4 238 234
1 239 231
4 239 238
1 240 37
4 240 241
1 241 229
1 242 243
1 243 19
1 243 51
4 243 57
1 244 242
4 244 56
1 245 242
1 246 49
4 246 247
4 246 248
1 247 49
4 247 56
1 248 249
1 248 49
4 248 56
1 249 49
4 249 56
1 250 49
4 250 246
1 251 49
4 251 246
1 252 49
4 252 246
1 253 49
4 253 246
1 254 49
4 254 56
1 255 22
1 256 257
4 256 7
1 257 258
1 258 9
4 258 259
1 259 260
4 259 261
4 259 46
1 260 5
1 261 8
1 262 257
4 262 140
1 263 257
4 263 86
1 264 257
1 265 257
4 265 219
1 266 37
1 266 165
4 266 166
1 267 165
4 267 166
1 268 165
4 268 166
1 269 20
1 269 21
4 269 266
1 270 271
4 270 272
1 271 193
1 272 9
4 272 140
4 272 273
1 273 8
1 274 275
1 275 276
4 275 277
1 276 5
1 277 276
4 277 273
1 278 91
4 278 279
4 278 219
1 279 91
4 279 83
1 280 120
4 280 281
1 281 9
4 281 282
4 281 86
1 282 91
4 282 83
1 283 9
4 283 100
4 283 281
1 284 91
4 284 107
4 284 285
1 285 91
4 285 286
4 285 107
1 286 287
4 286 219
1 287 6
4 287 86
1 288 91
4 288 105
1 289 91
4 289 105
1 290 91
4 290 105
4 290 291
1 291 6
4 291 86
1 292 91
4 292 101
1 293 91
4 293 101
1 294 91
4 294 107
4 294 219
1 295 9
4 295 282
4 295 86
1 296 124
4 296 297
1 297 124
4 297 298
1 298 124
4 298 125
1 299 300
1 299 301
1 300 20
1 300 21
4 300 302
1 301 303
1 302 304
4 302 305
1 303 20
1 304 38
4 304 306
1 305 9
4 305 218
4 305 86
1 306 8
1 307 300
1 307 308
1 307 309
4 307 311
4 307 310
1 308 312
1 309 303
1 310 313
4 310 314
1 311 315
4 311 310
1 312 20
1 312 21
4 312 59
1 313 53
1 314 53
4 314 59
1 315 313
1 316 304
4 316 317
1 317 49
4 317 56
1 318 304
4 318 319
4 318 320
1 319 49
4 319 56
1 320 62
1 320 61
4 320 58
1 321 304
4 321 322
1 322 6
4 322 7
1 323 201
1 323 9
1 324 201
1 324 9
1 325 185
1 326 9
4 326 179
1 327 37
4 327 207
1 328 22
1 329 9
4 329 330
4 329 207
1 330 153
1 331 9
4 331 218
4 331 86
1 332 9
4 332 208
4 332 218
1 333 12
4 333 334
1 334 28
1 335 35
1 335 336
1 336 36
1 337 9
4 337 139
4 337 140
1 338 6
1 339 9
4 339 340
4 339 46
1 340 260
4 340 261
1 341 9
4 341 340
4 341 112
4 341 46
1 342 9
4 342 46
1 343 10
4 343 340
1 344 49
4 344 50
1 345 49
4 345 55
1 346 49
4 346 319
1 347 49
4 347 246
1 348 49
4 348 251
1 349 351
1 349 350
4 349 246
1 350 352
1 351 353
4 351 246
1 352 354
1 353 49
1 353 350
4 353 56
1 354 312
1 355 49
4 355 56
1 356 49
4 356 355
4 356 246
1 357 49
4 357 358
1 358 249
1 358 49
4 358 356
1 359 249
1 359 49
4 359 356
1 360 49
4 360 358
1 361 363
1 361 362
4 361 364
4 361 355
1 362 352
1 363 49
1 363 362
4 363 56
1 364 49
4 364 345
1 365 249
1 365 49
4 365 355
1 366 49
4 366 56
1 367 49
4 367 248
1 368 49
4 368 367
4 368 369
1 369 49
4 369 317
1 370 49
4 370 367
1 371 49
4 371 364
1 372 49
4 372 371
1 373 374
4 373 375
1 374 313
4 374 314
1 375 376
4 375 377
1 376 51
1 377 362
1 377 376
4 377 378
1 378 9
1 378 51
4 378 379
4 378 57
1 379 62
1 379 61
4 379 380
1 380 60
4 380 381
1 381 62
1 381 61
4 381 63
1 382 53
4 382 59
1 383 384
4 383 311
1 384 374
4 384 310
1 385 19
4 385 140
1 386 194
1 387 19
1 387 196
4 387 388
1 388 62
1 388 61
4 388 63
1 389 390
1 390 391
4 390 392
1 391 393
4 391 394
1 392 394
4 392 259
1 393 11
1 393 22
1 394 20
1 394 21
4 394 261
1 395 396
1 395 397
1 396 393
4 396 303
1 397 393
4 397 398
1 398 399
1 399 194
1 399 400
1 399 21
4 399 153
1 400 401
1 401 5
1 402 403
1 403 390
1 404 405
1 405 406
1 405 407
1 406 408
1 407 408
4 407 308
1 408 393
4 408 312
1 409 410
1 410 396
4 410 301
1 411 410
4 411 412
4 411 413
1 412 414
1 412 301
1 413 414
4 413 120
1 414 21
1 414 303
1 415 269
1 416 194
1 416 21
1 417 418
1 418 393
4 418 196
1 419 420
4 419 309
1 420 396
1 420 421
1 421 393
1 422 423
1 423 389
1 423 424
1 424 390
1 425 62
1 425 61
4 425 58
1 426 62
1 426 61
4 426 58
1 427 62
1 427 61
4 427 428
1 428 429
4 428 58
1 429 60
1 430 62
1 430 61
4 430 58
1 431 124
4 431 156
1 432 124
4 432 123
1 433 18
4 433 123
1 434 62
1 434 61
4 434 435
1 435 150
4 435 58
1 436 18
4 436 29
1 437 3
4 437 438
1 438 3
4 438 29
1 439 22
1 440 49
4 440 54
1 441 442
4 441 248
1 442 22
1 443 441
4 443 444
1 444 445
1 445 446
4 445 58
1 446 276
4 446 277
1 447 441
4 447 448
1 448 445
1 449 391
4 449 343
1 450 449
1 451 449
1 452 453
1 453 454
1 454 455
4 454 339
1 455 456
1 455 391
4 455 457
1 456 393
1 457 394
4 457 340
1 458 459
1 459 391
4 459 339
4 459 457
1 460 451
1 461 449
4 461 46
1 462 459
1 463 461
1 464 461
1 465 461
1 466 22
1 467 468
1 468 403
1 469 470
1 470 471
1 470 424
1 471 402
1 471 468
1 472 469
1 473 472
1 474 472
1 475 469
1 476 470
1 477 476
1 478 476
1 479 390
1 480 461
1 481 22
1 482 454
1 483 459
1 484 485
1 485 418
4 485 386
1 486 487
4 486 488
1 487 418
4 487 489
1 488 489
1 489 202
4 489 134
1 490 491
1 491 492
1 492 393
4 492 46
1 493 491
1 494 418
1 494 490
1 494 495
1 495 391
4 495 46
1 496 490
4 496 497
1 497 498
1 498 499
4 498 295
1 499 20
1 499 21
4 499 282
1 500 490
4 500 501
1 501 137
4 501 502
1 502 137
4 502 503
1 503 504
1 504 20
1 504 21
4 504 144
1 505 490
4 505 200
1 506 507
1 507 393
4 507 508
1 508 10
4 508 437
1 509 510
1 510 418
4 510 511
1 511 202
4 511 60
1 512 510
4 512 513
1 513 511
1 514 510
1 515 418
1 516 418
1 516 517
1 517 421
1 518 419
4 518 306
4 518 83
1 519 518
1 520 518
1 521 518
1 522 518
1 523 507
1 524 525
1 525 396
1 526 527
1 526 495
1 527 393
4 527 46
1 528 526
1 528 397
4 528 457
1 529 410
4 529 102
4 529 530
1 530 414
4 530 531
4 530 83
1 531 91
4 531 83
1 532 421
1 532 410
1 533 517
1 534 410
4 534 498
1 535 536
1 536 537
1 536 397
1 537 396
4 537 538
1 538 414
1 539 393
4 539 540
1 540 124
4 540 542
4 540 541
1 541 124
4 541 543
1 542 544
4 542 545
1 543 124
4 543 298
1 544 19
1 545 124
4 545 546
1 546 124
4 546 543
1 547 397
1 548 419
1 548 397
1 549 410
4 549 550
4 549 530
1 550 551
1 550 552
1 550 18
1 551 21
1 551 553
4 551 101
1 552 18
4 552 102
1 553 20
4 553 102
1 554 555
4 554 556
4 554 530
4 554 557
1 555 410
4 555 558
4 555 530
1 556 37
4 556 90
1 557 37
4 557 93
1 558 18
1 558 559
1 559 20
1 559 21
4 559 92
1 560 517
4 560 561
1 561 562
1 562 563
4 562 329
1 563 20
1 563 21
4 563 180
1 564 393
1 565 393
1 566 565
4 566 567
1 567 175
4 567 568
1 568 175
4 568 569
1 569 570
1 570 563
4 570 324
1 571 566
1 572 573
4 572 574
1 573 565
4 573 561
1 574 575
1 575 10
4 575 207
1 576 211
4 576 572
1 577 573
1 578 573
1 579 573
1 580 91
1 580 303
4 580 581
1 581 304
4 581 116
1 582 517
4 582 583
4 582 562
1 583 584
4 583 329
1 584 304
1 585 517
4 585 586
4 585 587
1 586 175
4 586 568
1 587 584
4 587 324
1 588 423
1 589 418
4 589 193
1 590 22
1 591 22
1 592 491
4 592 352
1 593 362
1 594 405
1 595 596
1 596 418
1 596 597
1 597 406
4 597 598
1 598 599
1 599 194
1 599 354
1 600 418
1 600 597
1 601 526
4 601 602
1 602 392
1 602 603
4 602 604
1 603 45
1 604 392
1 604 603
4 604 605
1 605 392
1 605 606
1 606 20
1 606 21
1 606 603
4 606 258
1 607 408
4 607 352
1 608 609
1 609 53
4 609 607
1 610 611
1 611 607
1 612 610
1 613 609
1 614 607
4 614 615
1 615 313
4 615 314
1 616 614
1 616 617
1 617 396
4 617 543
1 618 616
4 618 619
1 619 124
4 619 543
1 620 616
4 620 619
1 621 616
4 621 619
1 622 614
1 623 614
4 623 624
1 624 236
1 624 625
1 625 20
4 625 236
1 626 22
1 627 22
1 628 623
1 629 623
1 630 22
4 630 629
1 631 614
4 631 375
1 632 376
4 632 631
1 633 634
4 633 635
1 634 607
4 634 374
1 635 231
1 635 625
4 635 624
1 636 607
1 637 611
1 637 615
4 637 638
1 638 376
4 638 377
1 639 637
1 640 637
1 641 607
1 642 609
1 643 642
1 644 642
1 645 607
4 645 646
1 646 647
1 647 648
4 647 649
1 648 352
4 648 347
1 649 49
4 649 52
1 650 607
1 651 410
1 652 418
1 653 654
1 654 382
4 654 58
1 655 656
4 655 657
1 656 231
4 656 234
1 657 658
1 658 231
4 658 234
1 659 275
1 660 661
4 660 662
1 661 663
4 661 272
1 662 664
1 663 276
1 664 663
4 664 272
1 665 338
1 666 275
1 667 6
1 668 37
4 668 177
1 669 670
4 669 55
1 670 671
1 671 274
4 671 58
1 672 280
4 672 295
1 673 274
4 673 665
1 674 677
1 674 675
1 674 676
1 675 382
1 676 382
1 676 313
4 676 314
1 677 675
1 677 676
1 678 137
4 678 503
4 678 138
1 679 276
4 679 277
1 680 274
4 680 7
1 681 682
1 682 683
4 682 665
1 683 60
1 684 685
4 684 378
1 685 51
4 685 675
1 686 442
4 686 444
1 687 671
4 687 248
1 688 10
4 688 57
1 689 380
1 690 49
4 690 254
1 691 682
1 691 692
1 692 60
1 693 6
1 693 150
4 693 381
1 694 654
4 694 695
1 695 654
1 696 697
1 697 280
1 698 231
4 698 230
1 699 399
1 700 9
1 700 195
1 701 416
4 701 230
1 702 150
4 702 58
4 702 333
1 703 229
1 704 654
1 705 274
1 706 708
1 706 707
4 706 709
1 707 275
1 708 710
1 708 707
1 709 338
1 710 707
1 711 712
1 711 692
1 712 683
4 712 709
1 713 712
1 713 692
1 714 715
4 714 704
1 715 374
1 716 654
1 717 3
4 717 69
1 718 22
1 719 663
4 719 272
1 720 682
1 720 692
1 721 654
1 722 723
1 722 274
4 722 219
1 723 274
1 724 708
1 724 707
4 724 219
1 725 231
4 725 238
1 726 727
1 726 707
1 727 710
1 727 707
4 727 7
1 728 729
1 729 20
1 729 21
4 729 305
1 730 729
1 731 231
4 731 233
1 732 380
1 733 391
4 733 457
1 734 6
4 734 140
1 735 682
1 735 692
1 736 712
1 736 692
1 737 661
4 737 662
1 738 654
1 739 654
1 740 231
4 740 624
1 741 654
1 742 315
4 742 310
1 743 304
4 743 322
1 744 429
4 744 58
1 745 382
1 745 313
4 745 314
1 746 12
4 746 200
1 747 748
4 747 550
1 748 749
4 748 83
1 749 392
4 749 18
1 750 751
4 750 318
1 751 5
1 752 751
4 752 318
1 753 274
4 753 144
1 754 661
4 754 755
1 755 664
1 756 707
4 756 144
1 757 682
1 757 692
1 758 723
1 759 22
1 760 429
4 760 141
1 761 682
1 761 429
1 762 231
4 762 232
1 763 681
1 764 9
4 764 207
1 765 150
4 765 58
4 765 333
1 766 429
4 766 141
1 767 708
1 767 707
4 767 141
1 768 712
1 769 380
1 770 712
1 770 692
1 771 22
1 772 661
4 772 755
1 773 654
1 774 22
1 775 654
1 776 682
1 776 692
1 777 22
1 778 654
1 779 9
4 779 207
1 780 708
1 780 707
4 780 781
1 781 707
1 782 708
1 782 707
4 782 781
1 783 275
1 784 670
1 785 654
4 785 695
1 786 249
1 786 49
4 786 787
4 786 785
1 787 49
4 787 788
1 788 254
4 788 246
1 789 3
4 789 69
1 790 231
4 790 232
1 791 274
4 791 709
1 792 274
1 793 274
1 794 254
4 794 317
1 795 796
4 795 246
1 796 797
1 797 671
1 798 796
4 798 246
1 799 800
4 799 246
1 800 670
1 801 376
4 801 378
1 802 803
1 803 804
1 804 274
1 805 254
4 805 246
1 806 249
1 806 49
4 806 346
4 806 787
1 807 249
1 807 49
4 807 653
4 807 440
1 808 22
1 809 274
1 810 274
4 810 665
1 811 12
4 811 385
1 812 813
1 813 22
1 814 815
4 814 272
1 815 274
1 816 817
1 816 677
1 816 676
1 817 675
1 818 819
1 818 677
1 818 676
1 819 675
1 820 400
4 820 821
1 821 400
4 821 398
1 822 166
4 822 179
1 823 62
1 823 61
4 823 380
1 824 380
4 824 825
1 825 6
1 826 681
1 827 681
1 828 681
1 829 681
1 830 681
1 831 681
1 832 681
1 833 682
1 834 833
1 835 833
1 836 833
1 837 418
4 837 416
1 838 396
4 838 839
1 839 840
1 840 414
1 841 414
4 841 842
1 842 137
4 842 501
1 843 719
1 844 719
1 845 814
1 846 847
1 847 814
1 848 814
1 849 803
1 849 850
1 850 670
1 851 708
1 851 707
4 851 272
1 852 851
1 853 851
1 854 851
1 855 851
1 856 708
1 856 707
4 856 665
1 857 839
4 857 218
1 858 859
1 858 860
4 858 305
1 859 216
1 860 5
1 861 729
1 862 859
4 862 305
1 863 864
1 864 22
1 865 864
1 866 51
4 866 867
1 867 242
4 867 868
1 868 243
1 869 376
4 869 378
4 869 870
1 870 871
4 870 377
1 871 376
4 871 378
1 872 376
4 872 378
1 873 685
4 873 872
1 874 376
4 874 378
1 875 376
4 875 378
1 876 376
4 876 378
1 877 249
1 877 49
4 877 364
4 877 738
1 878 249
1 878 49
4 878 704
4 878 440
1 879 249
1 879 49
4 879 787
4 879 721
1 880 656
4 880 881
1 881 658
1 882 228
1 883 228
1 884 257
1 885 257
4 885 667
1 886 22
1 887 22
1 888 889
4 888 602
1 889 890
1 889 423
1 890 390
1 891 391
4 891 339
1 892 477
1 893 390
1 894 685
4 894 875
1 895 685
4 895 876
1 896 685
4 896 874
1 897 859
4 897 305
1 898 840
4 898 230
1 899 136
1 900 813
1 901 249
1 901 49
4 901 346
1 902 269
1 902 414
1 903 461
1 903 424
1 904 390
1 905 22
1 906 884
1 907 22
1 908 449
1 908 455
1 909 258
1 910 564
1 911 22
1 912 22
1 913 461
1 914 22
1 915 22
1 916 393
1 917 456
4 917 498
1 918 22
1 919 920
1 920 376
4 920 378
1 921 22
1 922 920
1 923 49
4 923 440
1 924 599
4 924 745
1 925 376
4 925 378
1 926 456
1 927 456
1 928 258
1 929 456
4 929 352
1 930 19
4 930 762
1 931 22
1 932 933
1 933 934
1 934 20
1 934 21
1 934 935
4 934 341
1 935 45
1 936 392
1 936 933
1 937 402
4 937 938
1 938 392
1 938 939
1 939 20
1 939 21
4 939 342
1 940 589
4 940 193
1 941 589
4 941 192
1 942 943
4 942 270
1 943 589
4 943 271
1 944 405
4 944 945
1 945 243
1 945 308
1 946 663
4 946 272
1 947 19
4 947 948
1 948 663
4 948 272
1 949 37
4 949 99
1 950 91
4 950 951
1 951 91
4 951 99
1 952 454
1 953 891
1 953 954
1 954 390
1 955 459
1 955 891
1 956 459
1 956 891
1 957 22
1 958 22
1 959 22
1 960 22
1 961 962
1 962 61
4 962 64
1 963 729
1 964 271
1 965 416
1 965 966
4 965 967
1 966 194
4 966 275
1 967 966
1 968 418
1 969 418
4 969 387
1 970 6
1 971 972
4 971 950
1 972 195
1 972 91
4 972 83
1 973 91
4 973 102
1 974 249
1 974 49
4 974 346
4 974 787
1 975 712
1 976 22
1 977 3
4 977 4
1 978 979
1 979 195
4 979 7
1 980 981
1 981 979
1 982 979
4 982 72
1 983 410
4 983 984
1 984 985
1 985 20
1 985 21
4 985 36
1 986 945
1 987 313
1 988 987
4 988 314
1 989 987
4 989 314
1 990 49
1 990 860
4 990 246
1 991 987
1 992 987
1 993 211
1 993 860
4 993 327
1 994 211
4 994 327
1 995 211
4 995 327
1 996 997
1 997 211
1 997 66
4 997 327
1 998 997
1 999 1000
1 999 211
4 999 327
1 1000 211
4 1000 327
1 1001 1000
1 1001 211
4 1001 327
1 1002 1000
1 1002 211
4 1002 327
1 1003 997
1 1004 22
1 1005 1004
1 1006 22
1 1007 1004
1 1008 192
4 1008 1009
1 1009 1010
1 1010 20
1 1010 21
4 1010 327
1 1011 216
4 1011 1012
1 1012 332
1 1013 120
4 1013 327
1 1014 414
4 1014 1004
1 1015 22
1 1016 211
4 1016 1013
1 1017 61
4 1017 64
1 1018 22
1 1019 462
1 1020 462
1 1021 462
1 1022 462
1 1023 462
1 1024 390
1 1025 480
1 1026 1025
1 1027 459
1 1027 891
1 1028 423
1 1029 396
1 1030 450
1 1031 459
1 1032 458
1 1033 458
1 1034 458
1 1035 421
1 1035 410
1 1036 410
4 1036 1037
1 1037 1038
4 1037 138
4 1037 136
1 1038 1041
1 1038 1039
1 1038 1040
1 1039 412
1 1040 414
1 1041 1039
1 1041 1040
1 1042 537
1 1042 1043
1 1043 396
4 1043 841
1 1044 396
1 1045 396
4 1045 1046
1 1046 1047
1 1046 859
4 1046 963
1 1047 859
4 1047 963
1 1048 1044
4 1048 1049
1 1049 26
4 1049 1050
1 1050 26
4 1050 27
1 1051 396
4 1051 1046
1 1052 1048
1 1053 396
4 1053 1054
1 1054 414
4 1054 1055
1 1055 18
1 1055 308
4 1055 333
1 1056 1053
1 1057 1053
1 1058 607
1 1059 393
1 1060 410
4 1060 1061
1 1061 412
1 1062 410
4 1062 1039
1 1063 491
4 1063 1064
1 1064 729
1 1065 393
4 1065 1066
1 1066 729
1 1067 20
1 1067 21
1 1068 19
1 1069 939
1 1070 400
4 1070 1071
1 1071 400
4 1071 699
1 1072 400
4 1072 399
1 1073 400
4 1073 398
1 1074 313
4 1074 1075
4 1074 699
1 1075 1076
1 1076 615
1 1077 400
4 1077 1078
1 1078 399
1 1079 1076
1 1080 414
1 1081 538
1 1081 1082
1 1082 414
1 1083 538
1 1083 840
1 1084 511
1 1085 511
1 1086 1048
1 1087 10
4 1087 233
1 1088 19
1 1088 1089
4 1088 1090
1 1089 1091
1 1090 1089
4 1090 414
1 1091 5
1 1092 1093
1 1093 1094
1 1094 10
4 1094 83
1 1095 51
4 1095 57
1 1096 202
1 1096 1097
1 1097 1091
1 1098 22
1 1099 10
1 1100 859
4 1100 1101
1 1101 859
4 1101 963
4 1101 728
1 1102 10
4 1102 1103
1 1103 276
4 1103 259
4 1103 277
1 1104 1105
1 1105 1106
4 1105 166
1 1106 10
4 1106 39
1 1107 1106
4 1107 1108
1 1108 10
4 1108 1109
1 1109 1110
1 1110 10
4 1110 139
1 1111 120
1 1112 599
4 1112 613
1 1113 1094
1 1114 1110
1 1115 1106
1 1116 1117
1 1117 10
4 1117 155
1 1118 1117
1 1119 10
4 1119 218
1 1120 1121
4 1120 699
1 1121 401
1 1122 10
4 1122 1123
1 1123 231
4 1123 1124
4 1123 233
1 1124 656
1 1125 10
4 1125 1126
1 1126 10
4 1126 343
1 1127 1128
1 1128 22
1 1129 22
1 1130 22
1 1131 22
1 1132 22
1 1133 390
1 1134 1135
1 1135 22
1 1136 1135
1 1137 1135
1 1138 22
1 1139 22
1 1140 1141
1 1141 1135
1 1142 22
1 1143 1076
1 1144 1076
1 1145 61
4 1145 1144
4 1145 195
1 1146 313
4 1146 1144
1 1147 1148
1 1148 22
1 1149 1148
1 1150 1148
1 1151 1148
1 1152 1141
1 1153 1128
1 1154 1128
1 1155 22
1 1156 6
1 1157 137
4 1157 138
1 1158 6
1 1159 6
1 1160 6
1 1161 6
4 1161 322
1 1162 712
1 1163 607
1 1164 231
4 1164 624
1 1165 22
4 1165 236
1 1166 150
4 1166 58
1 1167 22
1 1168 22
1 1169 22
1 1170 22
1 1171 22
1 1172 393
1 1173 1128
1 1174 22
1 1175 22
1 1176 195
1 1177 49
4 1177 1178
1 1178 49
4 1178 1179
1 1179 49
4 1179 319
1 1180 22
1 1181 257
1 1182 66
1 1183 1135
1 1184 1185
4 1184 86
4 1184 1186
1 1185 275
4 1185 659
1 1186 1185
1 1187 195
4 1187 86
1 1188 654
1 1189 1190
1 1190 1191
1 1191 388
1 1192 961
1 1193 1194
1 1194 420
1 1194 410
4 1194 301
4 1194 750
1 1195 1196
1 1196 274
1 1197 1191
1 1198 62
1 1198 61
4 1198 691
1 1199 860
4 1199 302
1 1200 1201
1 1201 518
4 1201 580
1 1202 1043
1 1203 1043
1 1204 120
1 1204 504
1 1205 504
1 1206 49
4 1206 251
1 1207 1208
1 1208 1209
1 1209 1210
1 1210 51
4 1210 57
1 1211 388
1 1212 124
4 1212 541
4 1212 1213
1 1213 120
1 1213 124
4 1213 619
1 1214 175
4 1214 323
1 1215 49
4 1215 251
1 1216 91
4 1216 278
1 1217 37
4 1217 278
1 1218 6
4 1218 209
1 1219 128
4 1219 278
1 1220 91
4 1220 278
1 1221 91
4 1221 278
1 1222 1223
1 1223 274
1 1224 1225
1 1225 796
1 1226 1227
1 1227 49
4 1227 347
1 1228 1191
1 1229 199
1 1230 1231
1 1231 274
1 1232 707
4 1232 444
1 1233 796
1 1234 796
1 1235 1196
1 1236 49
4 1236 317
4 1236 246
1 1237 1238
1 1237 796
1 1238 796
1 1239 199
1 1240 847
1 1241 42
4 1241 425
1 1242 800
4 1242 52
1 1243 1244
1 1244 49
4 1244 250
1 1245 1246
1 1246 1210
1 1247 726
1 1248 199
1 1249 1250
1 1250 376
4 1250 378
1 1251 1252
1 1252 257
1 1253 1254
4 1253 734
1 1254 5
1 1255 850
1 1256 1225
1 1257 1258
1 1258 49
4 1258 347
1 1259 231
4 1259 731
1 1260 49
4 1260 1261
1 1261 1262
1 1262 1209
1 1263 1264
1 1264 49
4 1264 364
1 1265 1209
1 1266 66
1 1266 859
4 1266 305
1 1267 66
4 1267 731
1 1268 91
1 1268 66
4 1268 295
1 1269 91
1 1269 66
4 1269 92
1 1270 175
1 1270 66
4 1270 326
1 1271 1225
1 1272 274
1 1273 1274
1 1274 708
1 1274 707
1 1275 1276
1 1275 707
1 1276 710
1 1276 707
1 1277 124
4 1277 123
1 1278 376
4 1278 1279
1 1279 350
1 1279 376
4 1279 378
1 1280 1281
1 1281 376
4 1281 378
1 1282 124
4 1282 1283
1 1283 124
4 1283 156
1 1284 124
4 1284 1283
1 1285 274
1 1286 1287
4 1286 700
1 1287 61
1 1288 663
4 1288 272
1 1289 137
4 1289 144
1 1290 1291
4 1290 947
1 1291 1091
1 1292 26
4 1292 27
1 1293 1089
4 1293 414
1 1294 1295
1 1295 37
4 1295 1296
1 1296 400
4 1296 699
1 1297 49
4 1297 364
1 1298 243
4 1298 1299
1 1299 242
1 1300 51
4 1300 1298
1 1301 62
1 1301 61
4 1301 380
1 1302 49
4 1302 1178
1 1303 1304
1 1304 518
4 1304 102
1 1305 1306
4 1305 665
1 1306 1307
1 1307 5
1 1308 275
1 1309 1310
4 1309 388
1 1310 66
4 1310 60
1 1311 134
4 1311 388
1 1312 195
1 1313 1314
1 1314 979
4 1314 69
1 1315 3
4 1315 69
1 1316 133
1 1317 1314
1 1318 1185
1 1319 1225
1 1320 49
4 1320 250
1 1321 1047
1 1321 859
4 1321 963
4 1321 1322
1 1322 861
4 1322 730
1 1323 49
4 1323 252
1 1324 768
1 1325 1191
1 1326 1191
1 1327 62
1 1327 61
4 1327 689
1 1328 663
4 1328 272
1 1329 663
4 1329 272
1 1330 124
4 1330 123
1 1331 124
4 1331 58
4 1331 123
1 1332 274
1 1333 708
1 1333 707
1 1334 62
4 1334 63
1 1335 62
1 1335 61
4 1335 689
1 1336 1337
1 1337 274
1 1338 1339
1 1338 707
4 1338 444
1 1339 707
1 1340 1089
4 1340 1088
1 1341 1089
4 1341 1340
1 1342 1091
4 1342 967
1 1343 175
4 1343 188
1 1344 396
1 1345 137
4 1345 144
1 1346 1291
4 1346 947
1 1347 1276
1 1347 707
1 1348 1194
1 1349 1201
1 1350 195
1 1351 1352
1 1352 437
1 1353 91
4 1353 1354
4 1353 281
1 1354 498
1 1355 10
4 1355 1092
1 1356 18
1 1356 1357
1 1357 20
1 1357 21
4 1357 217
1 1358 1357
1 1359 1360
1 1359 1361
1 1359 1356
1 1360 1362
1 1360 18
1 1361 1356
1 1361 1362
1 1362 18
1 1363 1068
1 1363 1357
1 1363 66
1 1364 1365
4 1364 1366
1 1365 838
4 1365 857
1 1366 857
4 1366 1356
1 1367 275
1 1367 679
1 1368 49
4 1368 349
1 1369 211
4 1369 213
1 1370 49
4 1370 805
1 1371 401
4 1371 1372
1 1372 401
4 1372 155
1 1373 211
4 1373 572
1 1374 859
1 1374 860
4 1374 1101
1 1375 19
4 1375 230
1 1376 49
4 1376 319
1 1377 1378
1 1378 274
1 1379 257
1 1380 749
4 1380 138
4 1380 136
1 1381 386
1 1382 410
4 1382 1037
1 1383 1384
1 1384 36
1 1385 689
1 1386 689
1 1387 689
1 1388 689
1 1389 689
1 1390 689
1 1391 689
1 1392 49
4 1392 1393
1 1393 49
4 1393 251
1 1394 49
4 1394 1393
1 1395 49
4 1395 1393
1 1396 49
4 1396 1393
1 1397 768
1 1398 1399
1 1399 800
1 1400 1401
1 1401 49
4 1401 347
1 1402 1233
1 1403 124
4 1403 1277
1 1404 91
4 1404 1354
4 1404 281
1 1405 231
4 1405 790
1 1406 508
1 1407 1352
1 1408 1409
1 1409 199
4 1409 69
1 1410 91
4 1410 90
1 1411 1265
1 1412 1191
1 1413 1191
1 1414 1415
1 1415 60
1 1416 61
1 1416 489
4 1416 488
1 1417 124
4 1417 1418
1 1418 124
4 1418 1283
1 1419 53
4 1419 607
1 1420 507
1 1421 507
1 1422 508
1 1423 1225
1 1424 49
4 1424 251
1 1425 1401
1 1426 708
1 1426 707
4 1426 1427
1 1427 1354
1 1428 1010
1 1429 249
1 1429 49
4 1429 369
1 1430 1276
1 1430 707
1 1431 49
4 1431 246
1 1432 49
4 1432 246
1 1433 49
4 1433 364
1 1434 1106
1 1435 1294
4 1435 431
1 1436 62
1 1436 61
4 1436 381
1 1437 37
4 1437 184
1 1438 1439
1 1439 10
4 1439 179
1 1440 257
1 1441 675
1 1442 1265
1 1443 524
1 1443 555
4 1443 556
4 1443 530
4 1443 557
1 1444 487
1 1445 663
4 1445 272
1 1446 690
4 1446 1447
1 1447 49
4 1447 788
1 1448 690
4 1448 805
1 1449 850
1 1450 1258
1 1451 1194
1 1452 1039
4 1452 1453
1 1453 231
4 1453 239
1 1454 231
1 1454 195
4 1454 239
1 1455 1062
4 1455 1037
1 1456 1089
4 1456 1293
1 1457 199
4 1457 437
1 1458 1401
1 1459 1049
1 1460 1461
1 1461 1246
1 1462 49
4 1462 246
1 1463 1464
1 1464 1187
4 1464 219
1 1465 675
1 1466 380
4 1466 693
1 1467 120
4 1467 546
1 1468 51
4 1468 694
1 1469 1470
4 1469 699
1 1470 1091
4 1470 1096
1 1471 400
4 1471 1469
1 1472 1258
1 1473 1227
1 1474 1475
1 1475 1401
4 1475 251
1 1476 1060
4 1476 1046
1 1477 10
4 1477 1478
1 1478 301
1 1478 1480
1 1478 1479
1 1479 20
1 1479 21
4 1479 321
1 1480 1479
1 1480 303
1 1481 3
4 1481 437
1 1482 91
4 1482 278
1 1483 10
4 1483 1104
1 1484 124
4 1484 1485
1 1485 124
4 1485 297
1 1486 3
4 1486 241
1 1487 680
1 1488 274
1 1489 1490
1 1490 274
1 1491 274
1 1492 697
1 1492 1493
1 1493 280
1 1494 722
1 1494 723
1 1495 274
1 1496 724
1 1497 937
1 1498 1276
1 1498 707
1 1499 1500
4 1499 228
1 1500 1039
1 1500 840
1 1501 231
4 1501 623
1 1502 202
4 1502 745
1 1503 202
1 1504 679
1 1505 133
1 1506 3
4 1506 437
1 1507 1508
1 1508 199
4 1508 295
1 1509 663
4 1509 843
1 1510 661
4 1510 843
1 1511 49
4 1511 319
1 1512 211
4 1512 206
1 1513 211
4 1513 206
1 1514 859
4 1514 728
1 1515 859
4 1515 728
1 1516 859
4 1516 963
1 1517 707
4 1517 448
1 1518 410
4 1518 750
1 1519 134
1 1520 1191
1 1521 1287
4 1521 700
1 1522 1191
1 1523 37
4 1523 207
1 1524 1525
1 1525 1187
1 1526 1191
1 1527 1314
1 1528 961
1 1529 133
1 1530 982
1 1531 1191
1 1532 1409
1 1533 1314
1 1534 1409
1 1535 376
4 1535 1279
1 1536 1208
1 1537 49
4 1537 319
1 1538 124
4 1538 1283
1 1539 91
4 1539 102
1 1540 211
4 1540 582
1 1541 768
1 1542 768
1 1543 133
1 1544 1047
1 1544 859
4 1544 963
4 1544 728
1 1545 195
4 1545 699
1 1546 124
4 1546 1418
1 1547 697
1 1548 707
4 1548 1549
1 1549 446
1 1550 175
4 1550 188
1 1551 1550
1 1552 1550
1 1553 393
4 1553 1550
1 1554 1187
1 1555 1440
1 1556 1558
1 1556 1557
1 1557 274
1 1558 1557
1 1559 1560
1 1559 1557
1 1560 1557
1 1561 708
1 1561 707
1 1562 1017
1 1563 1491
1 1564 274
1 1565 1103
1 1566 1339
1 1566 707
4 1566 444
1 1567 1231
1 1568 1562
1 1568 1569
1 1569 1017
1 1570 708
1 1570 707
1 1571 195
1 1572 53
4 1572 607
1 1573 1503
1 1574 508
4 1574 437
1 1575 49
4 1575 251
1 1576 508
1 1577 19
4 1577 230
1 1578 1047
1 1578 859
4 1578 963
4 1578 1322
1 1579 847
1 1580 51
4 1580 867
1 1581 1310
1 1581 62
1 1582 388
1 1583 1584
1 1584 979
4 1584 322
1 1585 979
1 1585 195
4 1585 725
1 1586 376
4 1586 1279
1 1587 376
4 1587 1279
1 1588 679
1 1589 1590
1 1589 859
4 1589 963
4 1589 728
1 1590 1047
4 1590 728
1 1591 786
1 1592 62
1 1592 61
4 1592 381
1 1593 195
4 1593 970
1 1594 249
1 1594 49
4 1594 787
1 1595 1596
4 1595 1597
1 1596 1307
1 1597 1596
4 1597 709
1 1598 685
4 1598 375
1 1599 274
1 1600 274
1 1601 249
1 1601 49
4 1601 369
1 1602 62
1 1602 61
4 1602 761
1 1603 120
4 1603 213
1 1604 120
1 1605 985
1 1606 119
1 1606 120
4 1606 121
1 1607 1295
1 1608 175
4 1608 186
1 1609 211
4 1609 213
1 1610 120
1 1611 489
1 1612 1470
1 1613 400
4 1613 699
1 1614 1191
1 1615 231
4 1615 1616
1 1616 231
4 1616 623
1 1617 508
1 1618 1619
1 1619 10
4 1619 543
1 1620 410
4 1620 1621
1 1621 175
4 1621 1622
1 1622 175
4 1622 188
1 1623 61
4 1623 964
1 1624 1502
1 1625 510
4 1625 1084
1 1626 1627
1 1626 416
4 1626 1628
1 1627 965
4 1627 679
1 1628 679
4 1628 1100
1 1629 137
4 1629 1630
1 1630 135
1 1631 400
4 1631 398
1 1632 133
4 1632 67
1 1633 61
4 1633 964
1 1634 1502
1 1635 1310
1 1635 62
1 1636 1089
4 1636 1293
1 1637 1089
4 1637 1638
1 1638 1089
4 1638 414
1 1639 124
4 1639 123
1 1640 1545
4 1640 1296
1 1641 1378
1 1642 37
4 1642 82
1 1643 410
4 1643 1644
4 1643 530
1 1644 18
1 1644 1645
1 1645 20
1 1645 21
4 1645 82
1 1646 1645
1 1647 1644
1 1647 1360
1 1648 1287
4 1648 700
1 1649 537
4 1649 1644
4 1649 530
1 1650 661
4 1650 843
1 1651 1525
1 1652 972
4 1652 278
1 1653 1485
1 1654 49
1 1654 860
4 1654 56
1 1655 680
1 1655 1488
1 1656 274
1 1657 1564
1 1658 1542
1 1659 19
4 1659 1660
1 1660 1661
1 1661 192
1 1661 966
1 1662 1663
1 1663 49
4 1663 369
1 1664 1665
1 1664 648
1 1665 648
4 1665 347
1 1666 1495
1 1667 724
1 1668 1669
1 1669 195
4 1669 141
1 1670 726
1 1671 199
1 1672 62
1 1672 61
4 1672 713
1 1673 1272
1 1674 26
4 1674 334
1 1675 1525
1 1676 1677
1 1677 1258
1 1678 274
1 1679 981
1 1680 1665
1 1680 648
1 1681 1063
4 1681 1066
1 1682 229
1 1683 1684
4 1683 703
1 1684 401
4 1684 155
1 1685 1191
1 1686 1656
1 1687 727
1 1687 707
1 1688 231
4 1688 731
1 1689 1508
1 1690 789
1 1691 51
4 1691 867
1 1692 1017
1 1693 352
1 1694 751
4 1694 299
1 1695 205
1 1695 175
4 1695 177
1 1696 332
1 1697 124
4 1697 1698
1 1698 124
4 1698 123
1 1699 124
4 1699 1698
1 1700 679
1 1701 1091
4 1701 1612
1 1702 1091
4 1702 1701
1 1703 10
4 1703 1126
1 1704 489
1 1705 404
1 1706 91
4 1706 295
1 1707 254
4 1707 246
1 1708 1049
1 1709 49
4 1709 251
1 1710 175
4 1710 323
1 1711 1306
1 1711 1712
4 1711 1713
1 1712 1307
1 1713 1306
4 1713 665
1 1714 1372
4 1714 1711
1 1715 91
4 1715 99
1 1716 1717
1 1717 91
4 1717 295
1 1718 1717
1 1719 1717
1 1720 1258
1 1721 1258
1 1722 1049
1 1723 393
4 1723 567
1 1724 859
4 1724 1725
1 1725 396
4 1725 1726
1 1726 859
4 1726 1374
1 1727 508
1 1728 49
4 1728 246
4 1728 1447
1 1729 49
4 1729 1447
1 1730 49
4 1730 246
1 1731 1306
4 1731 665
1 1732 42
4 1732 1282
1 1733 42
4 1733 1734
1 1734 124
4 1734 1283
1 1735 91
4 1735 99
1 1736 410
4 1736 558
4 1736 530
1 1737 401
4 1737 1372
1 1738 429
4 1738 58
1 1739 1227
1 1740 49
4 1740 805
1 1741 745
1 1742 1401
4 1742 250
1 1743 1233
1 1744 1745
1 1745 410
4 1745 750
1 1746 175
4 1746 188
1 1747 1049
1 1748 393
1 1749 91
4 1749 283
1 1750 91
4 1750 283
1 1751 91
4 1751 283
1 1752 1665
1 1752 648
1 1753 723
1 1754 559
1 1755 558
1 1755 1360
1 1756 91
4 1756 92
1 1757 91
4 1757 92
1 1758 1094
1 1759 1068
1 1759 559
1 1759 66
1 1760 1067
1 1760 559
1 1761 707
4 1761 1549
1 1762 195
1 1763 199
1 1764 91
4 1764 83
1 1765 199
1 1766 1767
1 1767 5
4 1767 86
1 1768 49
4 1768 319
4 1768 349
1 1769 1082
1 1770 20
1 1770 21
4 1770 29
1 1771 240
4 1771 1772
1 1772 3
4 1772 241
1 1773 1294
4 1773 703
1 1774 240
4 1774 703
1 1775 175
4 1775 182
1 1776 42
4 1776 1777
1 1777 1191
1 1778 19
4 1778 1100
1 1779 1063
4 1779 1100
1 1780 751
4 1780 299
1 1781 1782
1 1782 274
1 1783 567
1 1784 585
1 1784 1785
1 1785 533
1 1785 1723
4 1785 570
4 1785 587
1 1786 1767
1 1787 1788
1 1788 62
1 1788 61
4 1788 711
1 1789 62
1 1789 61
4 1789 720
1 1790 1091
4 1790 1096
1 1791 567
1 1792 1793
1 1793 1227
1 1794 1793
1 1795 1121
4 1795 1684
4 1795 1078
1 1796 1121
4 1796 1120
1 1797 1121
4 1797 1120
1 1798 1121
4 1798 1120
1 1799 1121
4 1799 1684
4 1799 1078
1 1800 1121
4 1800 1684
1 1801 511
1 1801 61
4 1801 1802
1 1802 511
1 1803 211
4 1803 213
1 1804 62
1 1804 61
4 1804 711
1 1805 62
1 1805 61
4 1805 713
1 1806 62
1 1806 61
4 1806 720
1 1807 62
1 1807 61
4 1807 770
1 1808 124
4 1808 296
1 1809 1210
1 1810 708
1 1810 707
1 1811 723
1 1812 393
4 1812 1813
1 1813 498
1 1814 708
1 1814 707
1 1815 199
1 1816 751
4 1816 752
1 1817 1818
1 1818 783
1 1819 859
4 1819 305
1 1820 1191
1 1821 1258
1 1822 49
4 1822 251
1 1823 607
1 1823 1748
1 1824 211
4 1824 207
1 1825 175
4 1825 326
1 1826 1409
1 1827 150
4 1827 425
1 1828 1584
1 1829 137
4 1829 1630
1 1830 6
4 1830 86
1 1831 49
4 1831 787
1 1832 3
4 1832 1315
1 1833 707
4 1833 1834
4 1833 318
1 1834 1549
4 1834 444
1 1835 1836
1 1836 274
1 1837 257
1 1838 1554
1 1839 195
1 1840 195
1 1841 1842
1 1842 60
4 1842 219
1 1843 389
1 1843 954
1 1844 511
1 1845 1352
1 1846 1331
1 1847 707
4 1847 448
1 1848 1849
1 1849 1246
1 1850 1337
1 1851 1739
1 1852 1742
1 1853 796
4 1853 318
1 1854 1337
1 1855 745
1 1856 1857
1 1856 723
1 1857 723
1 1858 274
1 1859 1860
1 1859 707
4 1859 1549
1 1860 707
4 1860 1549
1 1861 1862
1 1862 979
4 1862 235
1 1863 49
4 1863 253
1 1864 3
4 1864 882
1 1865 1866
1 1865 1836
1 1866 1836
1 1867 743
1 1868 49
4 1868 252
1 1869 1223
1 1870 1862
1 1871 49
4 1871 251
1 1872 1227
1 1873 1475
1 1874 150
4 1874 151
1 1875 663
4 1875 843
1 1876 850
1 1877 1878
1 1878 195
1 1879 1880
4 1879 772
1 1880 663
4 1880 661
1 1881 175
4 1881 323
1 1882 257
1 1883 414
4 1883 1617
1 1884 616
4 1884 540
1 1885 19
1 1885 625
4 1885 624
1 1886 231
1 1886 625
4 1886 624
1 1887 231
1 1887 625
4 1887 624
1 1888 124
4 1888 540
1 1889 539
1 1890 124
4 1890 1891
1 1891 124
4 1891 297
1 1892 1285
1 1893 274
1 1894 708
1 1894 707
1 1895 1896
1 1895 663
4 1895 272
1 1896 663
4 1896 272
1 1897 663
4 1897 270
1 1898 120
4 1898 1605
1 1899 1378
1 1900 1017
4 1900 141
1 1901 745
4 1901 141
4 1901 674
1 1902 274
4 1902 305
1 1903 672
1 1904 120
4 1904 1605
1 1905 1906
1 1906 61
4 1906 964
1 1907 1525
1 1908 972
4 1908 278
1 1909 800
1 1910 1911
1 1911 274
1 1912 680
1 1913 1339
1 1913 707
4 1913 444
1 1914 1564
1 1915 1542
1 1916 19
4 1916 1660
4 1916 967
1 1917 1663
1 1918 1665
1 1918 648
1 1919 1495
1 1920 724
1 1921 1669
1 1922 726
1 1923 199
1 1924 1272
1 1925 257
1 1926 708
1 1926 707
1 1927 727
1 1927 707
1 1928 26
4 1928 333
1 1929 1525
1 1930 707
4 1930 444
1 1931 1677
1 1932 274
1 1933 981
1 1934 1782
1 1935 1231
1 1936 708
1 1936 707
1 1937 1245
1 1938 1191
1 1939 1191
1 1940 393
1 1941 418
1 1942 941
4 1942 83
1 1943 1941
4 1943 316
1 1944 175
4 1944 323
1 1945 1896
1 1945 663
4 1945 272
1 1946 19
1 1947 49
4 1947 369
1 1948 1401
4 1948 252
1 1949 1950
1 1950 257
1 1951 1573
1 1952 1047
1 1952 859
4 1952 963
4 1952 728
1 1953 1842
1 1954 175
4 1954 323
1 1955 751
1 1955 3
4 1955 321
1 1956 1191
1 1957 859
4 1957 963
1 1958 859
4 1958 305
1 1959 859
4 1959 305
1 1960 859
4 1960 305
1 1961 1089
4 1961 616
1 1962 1191
1 1963 732
1 1964 732
1 1965 732
1 1966 732
1 1967 732
1 1968 1384
1 1969 429
4 1969 151
1 1970 3
4 1970 241
1 1971 745
1 1972 269
1 1972 120
1 1973 1193
1 1974 511
1 1974 61
4 1974 1802
1 1975 137
4 1975 1203
1 1976 49
4 1976 319
1 1977 859
4 1977 1778
1 1978 1089
4 1978 1088
1 1979 859
4 1979 1778
1 1980 859
4 1980 1778
1 1981 124
4 1981 296
1 1982 1265
1 1983 890
1 1984 1539
4 1984 1985
1 1985 1986
1 1985 552
1 1985 18
1 1986 21
1 1986 553
4 1986 107
1 1987 529
4 1987 1985
1 1988 1986
1 1989 1985
1 1989 1360
1 1990 1986
1 1990 66
1 1990 1991
1 1990 1068
1 1991 1068
4 1991 102
1 1992 1067
1 1992 1986
1 1993 889
4 1993 602
1 1994 3
4 1994 69
1 1995 376
4 1995 377
1 1996 1225
1 1997 1508
1 1998 1225
1 1999 49
4 1999 369
1 2000 1862
1 2001 1401
1 2002 91
1 2002 66
4 2002 295
1 2003 997
1 2004 2005
1 2005 1409
1 2006 786
1 2007 1401
1 2008 231
1 2008 625
4 2008 624
1 2009 231
1 2009 625
4 2009 624
1 2010 246
1 2011 1285
1 2011 1487
1 2012 1494
1 2013 323
1 2014 1493
1 2015 1244
1 2016 287
4 2016 219
1 2017 1894
1 2018 2019
1 2018 91
4 2018 295
1 2019 91
4 2019 295
1 2020 144
1 2021 135
1 2022 324
1 2023 1287
4 2023 700
1 2024 753
1 2024 2025
4 2024 2020
1 2025 274
1 2026 1285
1 2026 2027
1 2027 274
1 2028 2029
1 2029 751
1 2029 3
4 2029 321
1 2030 1596
4 2030 709
1 2031 860
4 2031 731
1 2032 231
4 2032 731
1 2033 249
1 2033 49
4 2033 356
1 2034 1767
1 2035 1788
1 2036 62
1 2036 61
4 2036 720
1 2037 1464
1 2038 1745
1 2039 199
1 2040 1384
1 2041 44
1 2042 485
1 2043 1354
1 2044 91
4 2044 2043
1 2045 91
4 2045 2043
1 2046 91
4 2046 2043
1 2047 136
1 2048 124
4 2048 1283
1 2049 91
4 2049 2050
1 2050 2019
1 2050 91
4 2050 295
1 2051 91
4 2051 2050
1 2052 91
4 2052 2050
1 2053 2054
1 2054 1276
1 2054 707
1 2055 1258
1 2056 1047
1 2056 859
4 2056 963
4 2056 1322
1 2057 1503
1 2058 1062
1 2059 972
4 2059 82
1 2060 91
4 2060 531
1 2061 2062
4 2061 141
1 2062 5
1 2063 137
4 2063 139
1 2064 723
1 2065 62
1 2065 61
4 2065 381
1 2066 1401
1 2067 148
1 2067 2068
4 2067 2020
1 2068 143
4 2068 2020
1 2069 142
1 2069 2068
4 2069 2020
1 2070 148
1 2070 146
4 2070 147
1 2071 142
1 2071 146
4 2071 147
1 2072 401
4 2072 1372
1 2073 603
4 2073 258
1 2074 860
1 2074 603
4 2074 258
1 2075 603
4 2075 258
1 2076 603
4 2076 258
1 2077 392
1 2077 606
1 2078 606
1 2078 128
1 2079 606
1 2080 679
1 2080 1103
1 2081 2082
1 2082 467
1 2083 859
4 2083 1066
1 2084 231
4 2084 624
1 2085 124
4 2085 2086
4 2085 541
1 2086 124
4 2086 619
1 2087 124
4 2087 2088
4 2087 541
1 2088 124
4 2088 619
1 2089 49
4 2089 246
1 2090 166
1 2091 205
1 2091 211
4 2091 206
1 2092 1331
1 2093 49
4 2093 370
1 2094 392
1 2094 603
4 2094 604
1 2095 1880
4 2095 772
1 2096 606
1 2096 2097
1 2096 603
4 2096 605
1 2097 392
1 2098 523
1 2099 511
1 2100 937
1 2101 199
1 2102 1225
1 2103 1233
1 2104 1862
1 2105 786
1 2106 1276
1 2106 707
1 2107 1276
1 2107 707
1 2108 1276
1 2108 707
1 2109 850
1 2110 2111
4 2110 703
1 2111 37
4 2111 699
1 2112 19
4 2112 545
1 2113 216
4 2113 332
1 2114 745
1 2115 393
4 2115 242
1 2116 134
4 2116 1962
1 2117 2116
1 2118 2116
1 2119 1439
1 2120 1399
1 2121 5
4 2121 1767
1 2122 393
4 2122 2123
1 2123 20
1 2123 21
4 2123 12
1 2124 1191
1 2125 1600
1 2126 1191
1 2127 275
1 2128 91
4 2128 2129
1 2129 91
4 2129 550
1 2130 859
4 2130 963
1 2131 982
1 2132 1542
1 2133 42
4 2133 425
1 2134 49
4 2134 250
1 2135 1739
1 2136 1782
1 2137 1244
1 2138 1254
4 2138 734
1 2139 49
4 2139 253
1 2140 49
4 2140 251
1 2141 1227
1 2142 1475
1 2143 2005
1 2144 124
4 2144 296
1 2145 1352
1 2146 1665
1 2146 648
1 2147 423
4 2147 2096
1 2148 175
4 2148 177
1 2149 249
1 2149 49
4 2149 773
4 2149 787
1 2150 36
1 2151 1665
1 2151 648
1 2152 22
1 2153 195
1 2154 979
4 2154 123
1 2155 195
1 2156 589
4 2156 193
1 2157 393
1 2158 418
1 2159 61
4 2159 589
1 2160 231
4 2160 1616
1 2161 429
4 2161 334
1 2162 979
1 2163 745
1 2164 2165
1 2164 61
4 2164 333
1 2165 134
4 2165 333
1 2166 120
4 2166 241
1 2167 768
1 2168 62
1 2168 61
4 2168 720
1 2169 1091
4 2169 2170
1 2170 966
1 2171 53
4 2171 1419
1 2172 400
4 2172 820
1 2173 53
4 2173 613
1 2174 1310
1 2175 231
4 2175 624
1 2176 26
4 2176 333
1 2177 249
1 2177 49
4 2177 787
1 2178 49
4 2178 346
4 2178 787
1 2179 249
1 2179 49
4 2179 787
1 2180 1223
1 2181 1782
1 2182 2183
1 2183 195
1 2184 2183
1 2185 1656
1 2186 49
4 2186 805
1 2187 1401
4 2187 253
1 2188 1227
1 2189 979
1 2190 62
1 2190 61
4 2190 776
1 2191 53
1 2192 1265
1 2193 1742
4 2193 2194
1 2194 49
4 2194 319
4 2194 250
1 2195 49
4 2195 1178
1 2196 3
4 2196 2197
1 2197 124
4 2197 123
1 2198 663
4 2198 844
1 2199 1287
4 2199 700
1 2200 745
1 2201 796
1 2202 49
4 2202 319
1 2203 49
4 2203 319
1 2204 231
4 2204 239
1 2205 61
4 2205 235
1 2206 49
4 2206 1851
1 2207 1742
4 2207 2194
1 2208 124
4 2208 1277
4 2208 432
1 2209 511
1 2210 22
1 2211 124
4 2211 543
1 2212 414
4 2212 1617
1 2213 616
4 2213 540
1 2214 19
1 2214 625
4 2214 624
1 2215 231
1 2215 625
4 2215 624
1 2216 231
1 2216 625
4 2216 624
1 2217 124
4 2217 540
1 2218 231
4 2218 623
1 2219 539
1 2220 124
4 2220 1891
1 2221 723
1 2222 570
1 2223 979
1 2224 150
1 2224 60
4 2224 151
1 2225 1384
1 2226 44
1 2227 6
4 2227 1713
1 2228 410
4 2228 121
1 2229 1113
1 2230 1113
1 2231 195
4 2231 270
1 2232 249
1 2232 49
4 2232 369
1 2233 419
4 2233 1478
1 2234 1227
1 2235 860
4 2235 743
1 2236 524
1 2236 2237
1 2237 420
1 2237 410
4 2237 2238
1 2238 2239
1 2238 301
1 2239 20
1 2239 21
4 2239 743
1 2240 409
1 2240 2237
1 2241 2238
1 2241 2239
1 2242 651
1 2242 2237
1 2243 859
4 2243 1374
1 2244 1291
4 2244 200
1 2245 385
1 2246 1399
1 2247 1401
1 2248 120
4 2248 335
4 2248 1605
1 2249 256
1 2250 124
4 2250 431
1 2251 124
4 2251 431
1 2252 124
4 2252 431
1 2253 712
1 2253 1415
1 2254 199
1 2255 2256
1 2256 195
1 2257 2256
1 2258 62
1 2258 61
4 2258 381
1 2259 1596
4 2259 709
1 2260 1564
1 2261 511
1 2261 61
4 2261 2099
1 2262 392
1 2262 934
1 2262 935
4 2262 936
1 2263 1233
1 2264 1378
1 2265 1619
1 2266 175
1 2266 66
4 2266 190
1 2267 61
4 2267 964
1 2268 195
4 2268 209
1 2269 1502
1 2270 199
1 2271 418
4 2271 1085
1 2272 51
4 2272 868
1 2273 1010
1 2274 2122
4 2274 200
1 2275 1010
1 2276 175
4 2276 567
1 2277 1911
1 2278 692
1 2278 60
1 2279 44
1 2280 231
4 2280 624
1 2281 723
1 2282 243
4 2282 1299
1 2283 393
4 2283 540
1 2284 407
4 2284 2285
1 2285 308
4 2285 316
1 2286 1017
1 2287 6
4 2287 1597
1 2288 1584
1 2289 2122
4 2289 385
1 2290 926
1 2290 2291
1 2291 454
1 2292 800
1 2293 274
1 2294 708
1 2294 707
1 2295 195
1 2296 1354
1 2297 498
1 2298 708
1 2298 707
4 2298 86
1 2299 1227
1 2300 1401
4 2300 252
1 2301 199
1 2302 727
1 2302 707
1 2303 1231
1 2304 1399
1 2305 1196
1 2306 1281
1 2307 49
4 2307 317
1 2308 1238
1 2308 796
1 2309 1409
1 2310 199
1 2311 726
1 2312 42
4 2312 425
1 2313 850
4 2313 52
1 2314 1244
1 2315 199
1 2316 1250
1 2317 1378
1 2318 1254
4 2318 734
1 2319 850
1 2320 249
1 2320 49
4 2320 369
1 2321 49
4 2321 1179
1 2322 1225
1 2323 1849
1 2324 414
4 2324 725
1 2325 231
4 2325 731
1 2326 49
4 2326 1261
1 2327 1264
1 2328 1485
1 2329 1209
1 2330 91
1 2330 66
4 2330 295
1 2331 91
1 2331 66
4 2331 92
1 2332 175
1 2332 66
4 2332 326
1 2333 1225
1 2334 1274
1 2335 1276
1 2335 707
1 2336 1250
1 2337 1843
1 2338 1225
1 2339 1227
1 2340 1401
4 2340 250
1 2341 707
4 2341 444
1 2342 1245
1 2343 1245
1 2344 937
1 2345 567
1 2346 249
1 2346 49
4 2346 787
1 2347 124
4 2347 1277
1 2348 124
4 2348 1698
1 2349 1010
4 2349 1013
1 2350 410
4 2350 1010
1 2351 404
1 2352 1590
1 2352 859
4 2352 963
4 2352 728
1 2353 2354
1 2354 1554
1 2355 2354
1 2356 1842
1 2357 1684
1 2358 1190
1 2359 231
4 2359 725
1 2360 663
4 2360 1328
1 2361 37
4 2361 96
1 2362 91
4 2362 96
1 2363 972
4 2363 96
1 2364 124
4 2364 2197
1 2365 861
4 2365 728
1 2366 2029
1 2367 1525
1 2368 128
4 2368 79
1 2369 1554
1 2370 195
1 2371 1399
1 2372 2329
1 2373 1276
1 2373 707
1 2374 3
4 2374 437
1 2375 1291
4 2375 200
1 2376 1291
4 2376 200
1 2377 1525
1 2378 1233
1 2379 1906
1 2380 1573
1 2381 859
4 2381 305
1 2382 410
4 2382 729
1 2383 859
4 2383 305
1 2384 1941
4 2384 2385
1 2385 196
1 2385 729
1 2386 859
4 2386 1322
1 2387 708
1 2387 707
1 2388 610
1 2389 456
1 2390 678
4 2390 502
1 2391 211
4 2391 329
1 2392 1470
1 2393 751
4 2393 299
1 2394 236
1 2394 414
1 2394 625
1 2395 124
4 2395 1698
1 2396 246
1 2397 1487
1 2397 1893
1 2398 1494
1 2399 323
1 2400 1493
1 2401 1244
1 2402 1894
1 2403 120
1 2404 1103
1 2405 324
1 2406 1287
4 2406 700
1 2407 753
1 2407 2025
4 2407 147
1 2408 1893
1 2408 2027
1 2409 2029
1 2410 401
4 2410 1372
1 2411 49
4 2411 349
1 2412 824
1 2413 824
1 2414 824
1 2415 824
1 2416 824
1 2417 150
1 2418 1191
1 2419 1191
1 2420 982
1 2421 61
4 2421 964
1 2422 61
4 2422 589
1 2423 195
1 2424 1584
1 2425 1782
1 2426 120
4 2426 2111
1 2427 2111
4 2427 703
1 2428 566
4 2428 1783
1 2429 523
1 2430 136
1 2431 211
4 2431 574
1 2432 124
4 2432 616
1 2433 1880
4 2433 772
1 2434 707
4 2434 444
1 2435 49
4 2435 246
1 2436 36
1 2437 1068
1 2437 66
4 2437 295
1 2438 195
1 2439 1415
1 2440 1121
4 2440 1684
1 2441 599
4 2441 613
1 2442 2054
1 2443 22
1 2444 1858
1 2445 91
4 2445 2016
4 2445 105
1 2446 1039
1 2446 1082
1 2447 1061
1 2447 1082
1 2448 663
4 2448 843
1 2449 663
4 2449 755
1 2450 1091
4 2450 2379
1 2451 1539
4 2451 550
1 2452 529
4 2452 550
1 2453 532
4 2453 550
4 2453 530
1 2454 551
1 2455 1360
1 2455 550
1 2456 551
1 2456 66
1 2456 1991
1 2456 1068
1 2457 1067
1 2457 551
1 2458 1106
1 2459 1193
1 2460 231
4 2460 790
1 2461 91
4 2461 1427
1 2462 723
1 2463 42
4 2463 58
1 2464 276
4 2464 448
1 2465 195
4 2465 725
1 2466 675
1 2467 786
1 2468 274
4 2468 188
1 2469 124
4 2469 542
4 2469 541
1 2470 1047
1 2470 859
4 2470 963
4 2470 728
1 2471 1399
1 2472 666
1 2472 935
4 2472 341
1 2473 723
1 2474 860
1 2474 935
4 2474 341
1 2475 934
1 2475 935
4 2475 932
1 2476 257
1 2477 935
4 2477 341
1 2478 604
1 2478 934
1 2478 935
4 2478 936
1 2479 128
1 2479 934
1 2479 935
4 2479 932
1 2480 934
1 2481 707
4 2481 1549
1 2482 49
4 2482 349
1 2483 2154
1 2484 1331
1 2485 3
4 2485 1617
1 2486 1636
1 2487 1191
1 2488 1584
1 2489 1191
1 2490 274
4 2490 188
1 2491 1061
1 2491 840
1 2492 400
4 2492 821
1 2493 400
4 2493 2494
1 2494 400
4 2494 398
1 2495 400
4 2495 2494
1 2496 400
4 2496 398
1 2497 3
4 2497 1617
1 2498 400
4 2498 398
1 2499 49
4 2499 787
1 2500 91
4 2500 2128
1 2501 120
4 2501 1605
1 2502 982
1 2503 1061
4 2503 731
1 2504 2078
1 2505 195
1 2506 663
4 2506 946
1 2507 1091
4 2507 967
1 2508 49
4 2508 251
1 2509 120
4 2509 34
4 2509 1605
1 2510 1196
1 2511 1878
1 2512 231
4 2512 762
1 2513 1191
1 2514 49
4 2514 251
1 2515 1401
1 2516 49
4 2516 787
1 2517 26
4 2517 27
1 2518 1440
1 2519 1017
1 2520 1490
1 2521 1103
1 2522 1339
1 2522 707
4 2522 448
1 2523 1231
1 2524 1276
1 2524 707
1 2525 707
4 2525 448
1 2526 800
4 2526 52
1 2527 1461
1 2528 1849
1 2529 982
1 2530 1337
1 2531 49
4 2531 250
1 2532 1739
1 2533 1742
1 2534 1858
1 2535 796
4 2535 318
1 2536 1246
1 2537 708
1 2537 707
1 2538 1337
1 2539 150
4 2539 151
1 2540 745
1 2541 1254
4 2541 734
1 2542 1857
1 2542 723
1 2543 1860
1 2543 707
4 2543 1549
1 2544 1862
1 2545 49
4 2545 253
1 2546 3
4 2546 882
1 2547 743
1 2548 49
4 2548 252
1 2549 1223
1 2550 1862
1 2551 1485
1 2552 91
1 2552 66
4 2552 295
1 2553 49
4 2553 251
1 2554 1227
1 2555 1475
1 2556 1196
1 2557 663
4 2557 843
1 2558 786
1 2559 19
4 2559 762
1 2560 1227
1 2561 727
1 2561 707
1 2562 723
1 2563 1878
1 2564 120
4 2564 1295
1 2565 1265
1 2566 388
1 2567 61
4 2567 388
1 2568 10
1 2569 769
1 2570 769
1 2571 769
1 2572 769
1 2573 769
1 2574 769
1 2575 769
1 2576 769
1 2577 769
1 2578 769
1 2579 769
1 2580 769
1 2581 211
4 2581 213
1 2582 211
4 2582 572
1 2583 1600
1 2584 1191
1 2585 3
4 2585 703
1 2586 1415
1 2587 1089
1 2587 26
4 2587 1048
1 2588 1106
1 2589 19
4 2589 545
1 2590 1656
1 2591 42
4 2591 58
1 2592 981
1 2593 437
1 2594 727
1 2594 707
1 2595 418
4 2595 961
1 2596 2154
1 2597 51
4 2597 867
1 2598 2599
1 2599 195
1 2600 1878
1 2600 2599
1 2601 1089
4 2601 1293
1 2602 678
4 2602 502
1 2603 2604
1 2603 2447
4 2603 2602
1 2604 2447
4 2604 678
1 2605 410
4 2605 415
1 2606 91
4 2606 292
1 2607 707
4 2607 444
1 2608 585
1 2609 2159
1 2610 1596
4 2610 2030
1 2611 91
4 2611 99
1 2612 1185
4 2612 140
4 2612 1186
1 2613 120
1 2613 1103
1 2614 860
4 2614 342
1 2615 396
4 2615 2616
1 2616 939
1 2616 303
1 2617 939
1 2618 939
1 2619 939
1 2620 939
1 2621 1314
1 2622 1409
1 2623 1314
1 2624 133
1 2625 860
4 2625 321
1 2626 420
1 2626 410
4 2626 1478
1 2627 1193
1 2628 1596
1 2628 1712
4 2628 1597
1 2629 1191
1 2630 1372
4 2630 2628
1 2631 43
4 2631 44
1 2632 850
1 2633 276
4 2633 448
1 2634 927
1 2635 1038
4 2635 337
1 2636 376
4 2636 1279
1 2637 376
4 2637 1279
1 2638 376
4 2638 1279
1 2639 124
4 2639 1283
1 2640 1010
1 2641 195
1 2642 1717
1 2643 91
4 2643 294
1 2644 195
1 2645 199
4 2645 209
1 2646 49
4 2646 1851
1 2647 195
1 2648 49
4 2648 1178
1 2649 789
4 2649 717
1 2650 49
4 2650 319
1 2651 211
4 2651 329
1 2652 211
4 2652 200
4 2652 207
1 2653 211
4 2653 2651
1 2654 1048
1 2655 1048
1 2656 1717
1 2657 49
4 2657 251
1 2658 49
4 2658 319
4 2658 251
1 2659 607
1 2660 609
1 2661 972
4 2661 82
1 2662 91
4 2662 531
1 2663 2062
4 2663 141
1 2664 137
4 2664 139
1 2665 859
4 2665 1374
1 2666 1291
4 2666 200
1 2667 120
4 2667 619
1 2668 49
4 2668 787
1 2669 175
4 2669 326
1 2670 91
4 2670 550
1 2671 49
4 2671 788
1 2672 275
4 2672 2170
1 2673 1339
1 2673 707
4 2673 444
1 2674 2329
1 2675 376
4 2675 638
1 2676 249
1 2676 49
4 2676 369
1 2677 249
1 2677 49
4 2677 369
1 2678 249
1 2678 49
4 2678 369
1 2679 249
1 2679 49
4 2679 369
1 2680 2536
1 2681 49
4 2681 52
1 2682 150
4 2682 380
1 2683 715
4 2683 619
1 2684 510
1 2685 614
4 2685 310
1 2686 637
4 2686 310
1 2687 1291
4 2687 200
1 2688 385
4 2688 144
1 2689 271
1 2690 91
1 2690 66
4 2690 295
1 2691 1314
1 2692 62
1 2692 61
4 2692 151
1 2693 386
1 2694 871
4 2694 1279
1 2695 22
1 2696 1191
1 2697 62
1 2697 61
4 2697 766
1 2698 175
4 2698 566
1 2699 429
1 2700 42
4 2700 58
1 2701 1062
4 2701 2702
1 2702 18
4 2702 183
1 2703 537
4 2703 2704
1 2704 18
4 2704 186
1 2705 396
1 2706 396
1 2707 2706
1 2708 515
4 2708 1622
1 2709 532
4 2709 1037
1 2710 651
1 2710 420
4 2710 1478
1 2711 1024
1 2711 423
1 2712 1024
1 2712 470
1 2713 91
4 2713 105
1 2714 953
1 2714 2715
1 2715 402
1 2715 954
1 2716 953
1 2716 1843
1 2717 305
1 2718 305
1 2719 203
1 2719 1508
1 2720 203
4 2720 201
1 2721 809
4 2721 665
1 2722 809
4 2722 188
1 2723 66
1 2723 859
4 2723 305
1 2724 890
1 2725 2724
1 2725 889
1 2726 470
1 2726 2724
1 2727 2728
4 2727 2096
1 2728 423
4 2728 2097
1 2729 470
1 2730 477
1 2731 2715
1 2731 471
1 2732 2715
1 2732 471
1 2733 423
1 2734 423
1 2735 470
1 2736 423
4 2736 2094
1 2737 2738
1 2737 2728
1 2738 423
1 2739 423
4 2739 602
1 2740 526
4 2740 2741
1 2741 392
1 2741 606
1 2741 603
4 2741 605
1 2742 423
1 2743 1028
1 2743 2738
1 2744 2738
1 2744 2728
1 2745 423
1 2746 20
1 2746 21
1 2746 43
4 2746 44
1 2747 392
1 2747 2746
1 2748 2706
1 2749 2706
1 2750 519
1 2750 1201
1 2751 2734
1 2752 12
4 2752 947
1 2753 672
4 2753 2014
1 2754 672
4 2754 2400
1 2755 2756
4 2755 2014
1 2756 697
1 2756 1493
1 2757 2756
4 2757 2400
1 2758 893
1 2758 470
1 2759 954
1 2759 403
1 2760 470
1 2761 470
1 2762 2735
1 2763 890
1 2763 470
1 2764 2730
1 2765 49
4 2765 56
1 2766 137
4 2766 2020
1 2767 2157
4 2767 984
1 2768 422
1 2769 2291
1 2769 2770
1 2770 456
1 2771 453
1 2772 453
1 2773 459
1 2774 136
1 2775 2774
1 2776 2774
1 2777 175
4 2777 185
1 2778 597
1 2779 987
1 2780 945
1 2781 61
4 2781 379
1 2782 61
4 2782 379
1 2783 944
4 2783 2780
1 2784 945
1 2785 414
4 2785 690
1 2786 6
1 2787 6
4 2787 248
1 2788 453
1 2789 453
1 2790 453
1 2791 2769
1 2792 454
1 2793 453
1 2794 453
1 2795 453
1 2796 453
1 2797 494
1 2798 410
4 2798 2111
1 2799 153
4 2799 279
1 2800 396
1 2801 410
1 2802 456
1 2803 456
1 2804 456
1 2805 456
1 2806 499
4 2806 280
1 2807 412
1 2807 2806
1 2808 2807
4 2808 672
1 2809 2807
4 2809 697
1 2810 526
1 2811 2761
1 2812 419
1 2813 493
1 2814 423
1 2815 2615
4 2815 2620
1 2816 2615
1 2817 2615
1 2818 2615
1 2818 2803
1 2819 22
1 2820 22
1 2821 404
1 2822 62
4 2822 320
1 2823 49
1 2824 405
4 2824 752
1 2825 1348
1 2826 1194
1 2827 1194
1 2828 166
1 2829 166
1 2830 420
1 2830 410
4 2830 299
1 2831 6
1 2832 663
4 2832 272
1 2833 211
4 2833 327
1 2834 943
4 2834 964
1 2835 196
1 2836 150
4 2836 58
1 2837 2836
1 2838 2836
1 2839 6
1 2840 216
4 2840 217
1 2841 2604
4 2841 2390
1 2842 756
4 2842 2020
1 2843 756
4 2843 147
1 2844 258
1 2845 195
1 2846 647
1 2847 647
1 2848 2846
1 2849 965
4 2849 659
1 2850 1660
4 2850 659
1 2851 965
4 2851 666
1 2852 1660
4 2852 666
1 2853 965
4 2853 274
1 2854 1660
4 2854 274
1 2855 1340
4 2855 2856
1 2856 1088
4 2856 1037
1 2857 134
4 2857 136
1 2858 202
4 2858 136
1 2859 2858
1 2860 1362
4 2860 136
1 2861 192
4 2861 136
1 2862 1067
4 2862 136
1 2863 353
4 2863 52
1 2864 414
4 2864 184
1 2865 1083
1 2865 2864
1 2866 414
4 2866 1609
1 2867 530
1 2867 1644
1 2868 1083
1 2868 2867
1 2869 1644
1 2869 2870
1 2870 1362
4 2870 83
1 2871 1068
1 2871 1645
1 2872 134
4 2872 156
1 2873 202
4 2873 703
1 2874 2446
4 2874 283
1 2875 2870
4 2875 283
1 2876 1068
4 2876 283
1 2877 2785
4 2877 788
1 2878 986
4 2878 788
1 2879 1083
4 2879 1770
1 2880 530
4 2880 552
1 2881 192
4 2881 102
1 2882 36
4 2882 69
1 2883 202
4 2883 69
1 2884 18
4 2884 69
1 2885 414
4 2885 2884
1 2886 2785
4 2886 805
1 2887 986
4 2887 805
1 2888 1204
4 2888 2020
1 2889 501
4 2889 2020
1 2890 678
4 2890 2020
1 2891 137
4 2891 2020
1 2892 2390
4 2892 2020
1 2893 2602
4 2893 2020
1 2894 134
4 2894 2063
1 2895 965
4 2895 1103
1 2896 1660
4 2896 1103
1 2897 414
4 2897 333
1 2898 1038
1 2898 2897
1 2899 414
4 2899 75
1 2900 414
4 2900 71
1 2901 860
4 2901 324
1 2902 1898
4 2902 1605
1 2903 119
1 2903 1898
1 2904 303
4 2904 121
1 2905 20
4 2905 206
1 2906 1083
4 2906 205
1 2907 1088
4 2907 2908
1 2908 2447
4 2908 1047
1 2909 1204
4 2909 147
1 2910 501
4 2910 147
1 2911 678
4 2911 138
4 2911 147
1 2912 2913
4 2912 147
1 2913 137
4 2913 144
1 2914 2390
4 2914 147
1 2915 2602
4 2915 147
1 2916 1041
4 2916 764
1 2917 840
4 2917 561
1 2918 550
1 2918 2870
1 2919 1985
1 2919 2870
1 2920 1083
4 2920 27
1 2921 964
4 2921 27
1 2922 1088
4 2922 2635
1 2923 1340
4 2923 2922
1 2924 134
4 2924 337
1 2925 1362
4 2925 337
1 2926 192
4 2926 337
1 2927 1067
4 2927 337
1 2928 414
4 2928 433
1 2929 414
4 2929 332
1 2930 857
1 2930 2929
1 2931 37
4 2931 207
1 2932 1068
4 2932 185
1 2933 414
1 2934 1083
1 2934 2933
1 2935 1038
4 2935 779
1 2936 965
4 2936 707
1 2937 965
4 2937 781
1 2938 965
4 2938 783
1 2939 965
4 2939 446
1 2940 1660
4 2940 446
1 2941 302
1 2942 329
1 2943 331
1 2944 302
1 2945 329
1 2946 331
1 2947 965
4 2947 277
1 2948 1660
4 2948 277
1 2949 1298
4 2949 56
1 2950 868
4 2950 56
1 2951 2282
4 2951 56
1 2952 202
1 2952 504
1 2953 62
4 2953 63
1 2954 153
4 2954 125
1 2955 202
4 2955 703
1 2956 192
4 2956 283
1 2957 3
4 2957 703
1 2958 61
4 2958 381
1 2959 1191
1 2960 1191
1 2961 703
1 2962 703
1 2963 437
4 2963 2838
1 2964 1845
1 2964 2963
1 2965 2145
1 2965 2963
1 2966 606
1 2966 604
4 2966 605
1 2967 62
4 2967 333
1 2968 1083
4 2968 436
1 2969 749
4 2969 71
1 2970 3
4 2970 703
1 2971 604
4 2971 747
1 2972 602
4 2972 747
1 2973 602
1 2973 606
4 2973 2966
1 2974 602
1 2974 934
4 2974 2478
1 2975 2097
4 2975 936
1 2976 274
4 2976 341
1 2977 2479
1 2978 707
4 2978 341
1 2979 690
4 2979 794
1 2980 860
4 2980 2226
1 2981 437
4 2981 2837
1 2982 1845
1 2982 2981
1 2983 2145
1 2983 2981
1 2984 1298
4 2984 378
1 2985 868
4 2985 378
1 2986 2282
4 2986 378
1 2987 652
1 2988 1107
1 2989 575
4 2989 574
1 2990 575
4 2990 574
1 2991 575
1 2991 1106
1 2992 1106
1 2993 1439
1 2994 384
1 2995 374
1 2996 195
1 2997 195
1 2998 66
1 2999 66
1 3000 66
1 3001 437
1 3002 3001
1 3003 437
1 3004 3
4 3004 437
1 3005 274
1 3006 274
1 3007 1687
1 3008 706
1 3009 707
1 3010 3011
1 3011 707
1 3012 2387
1 3013 2387
1 3014 3015
1 3015 707
1 3016 3015
1 3017 3018
1 3018 707
1 3019 3020
1 3020 707
1 3021 3020
1 3022 3023
1 3023 195
1 3024 3023
1 3025 3026
1 3026 195
1 3027 195
1 3028 3029
1 3029 979
1 3030 3029
1 3031 374
1 3032 249
1 3033 249
1 3034 347
1 3035 347
1 3036 511
1 3037 62
1 3038 249
1 3039 369
1 3040 154
4 3040 703
1 3041 3042
1 3042 3043
4 3042 1597
1 3043 153
1 3044 3045
1 3045 3043
4 3045 1713
1 3046 3047
1 3047 676
1 3048 1635
1 3049 62
1 3050 199
1 3051 365
1 3052 62
4 3052 760
1 3053 62
4 3053 760
1 3054 62
4 3054 760
1 3055 62
4 3055 766
1 3056 369
1 3057 249
1 3058 1337
1 3059 2562
1 3060 2562
1 3061 2462
1 3062 2462
1 3063 758
1 3064 758
1 3065 1866
1 3066 2125
1 3067 274
1 3068 2224
1 3069 676
1 3070 676
1 3071 676
1 3072 3043
1 3073 3043
1 3074 3043
1 3075 3043
4 3075 1305
1 3076 3043
1 3077 153
4 3077 322
1 3078 153
4 3078 4
1 3079 159
1 3080 760
1 3081 760
1 3082 760
1 3083 760
1 3084 760
1 3085 760
1 3086 760
1 3087 760
1 3088 760
1 3089 760
1 3090 760
1 3091 760
1 3092 2278
4 3092 1713
1 3093 2278
4 3093 1597
1 3094 3092
1 3095 3092
1 3096 3092
1 3097 3092
1 3098 3092
1 3099 3093
1 3100 3093
1 3101 3093
1 3102 3093
1 3103 3093
1 3104 3093
1 3105 3092
1 3106 3093
1 3107 3092
1 3108 736
1 3109 736
1 3110 736
1 3111 736
1 3112 736
1 3113 735
1 3114 735
1 3115 735
1 3116 735
1 3117 735
1 3118 768
1 3119 3120
1 3120 979
4 3120 703
1 3121 3120
1 3122 677
1 3123 745
1 3124 745
1 3125 745
1 3126 745
1 3127 745
1 3128 745
1 3129 745
1 3130 745
1 3131 745
1 3132 315
4 3132 311
1 3133 315
4 3133 311
1 3134 383
1 3135 383
1 3136 676
1 3137 1711
1 3138 1711
1 3139 1711
1 3140 1711
1 3141 1711
1 3142 2628
1 3143 2628
1 3144 2628
1 3145 2628
1 3146 2628
1 3147 723
1 3148 671
1 3149 723
1 3150 274
1 3151 274
1 3152 274
1 3153 274
1 3154 274
1 3155 274
1 3156 274
1 3157 723
1 3158 1560
1 3159 1558
1 3160 195
1 3161 195
1 3162 1187
1 3163 195
1 3164 195
1 3165 195
1 3166 195
1 3167 195
1 3168 195
1 3169 195
1 3170 195
1 3171 195
1 3172 195
1 3173 195
1 3174 195
1 3175 195
1 3176 195
1 3177 195
1 3178 195
1 3179 195
1 3180 195
1 3181 195
1 3182 195
1 3183 274
1 3184 274
1 3185 274
1 3186 195
1 3187 195
1 3188 274
1 3189 274
1 3190 195
1 3191 274
1 3192 195
1 3193 195
1 3194 195
1 3195 1656
1 3196 195
1 3197 1564
1 3198 274
1 3199 274
1 3200 274
1 3201 195
1 3202 195
1 3203 274
1 3204 195
1 3205 195
1 3206 274
1 3207 274
1 3208 274
1 3209 195
1 3210 195
1 3211 195
1 3212 195
1 3213 195
1 3214 274
1 3215 274
1 3216 1378
1 3217 274
1 3218 3153
1 3219 195
1 3220 195
1 3221 195
1 3222 195
1 3223 195
1 3224 274
1 3225 274
1 3226 1656
1 3226 3225
1 3227 3225
1 3228 1285
1 3229 274
1 3230 707
1 3231 707
1 3232 707
1 3233 707
1 3234 195
1 3235 195
1 3236 707
1 3237 195
1 3238 707
1 3239 195
1 3240 707
1 3241 707
1 3242 707
1 3243 707
1 3244 707
1 3245 707
1 3246 274
1 3247 707
1 3248 676
1 3249 707
1 3250 707
1 3251 707
1 3252 707
1 3253 707
1 3254 195
1 3255 195
1 3256 195
1 3257 195
1 3258 195
1 3259 195
1 3260 195
1 3261 195
1 3262 195
1 3263 707
1 3264 3263
1 3265 3263
1 3266 707
1 3267 707
1 3268 3267
1 3269 3267
1 3270 707
1 3271 707
1 3272 257
1 3273 1350
1 3274 195
1 3275 195
1 3276 195
1 3277 195
1 3278 195
1 3279 195
1 3280 979
1 3281 979
1 3282 979
1 3283 979
1 3284 195
1 3285 979
1 3286 195
1 3287 2599
1 3288 195
1 3289 195
1 3290 979
1 3291 1314
1 3292 1525
1 3293 195
1 3294 2647
1 3295 979
1 3296 3295
1 3297 3295
1 3298 22
1 3302 3303
4 3302 3304
4 3303 3305
1 3304 3306
4 3304 3305
4 3305 3307
1 3306 3308
4 3306 3309
1 3307 3310
4 3308 3311
4 3309 3311
4 3310 3312
1 3311 3313
4 3312 3301
4 3313 3312
1 3314 3313
1 3315 3313
1 3316 3313
1 3317 3313
1 3318 3319
1 3319 3310
1 3320 3310
1 3321 3310
1 3322 3310
1 3323 3310
4 3324 3325
1 3325 3310
4 3326 3327
1 3327 3310
4 3328 3325
1 3329 3310
4 3330 3311
4 3331 3311
4 3332 3315
4 3333 3315
1 3334 3316
1 3335 3316
4 3336 3330
4 3337 3331
4 3338 3330
4 3339 3330
4 3340 3331
4 3341 3331
4 3342 3334
4 3343 3342
4 3344 3342
4 3345 3334
1 3346 3347
4 3346 3334
4 3347 3316
4 3348 3334
4 3349 3334
4 3350 3346
1 3351 3352
4 3351 3346
4 3352 3316
4 3353 3346
4 3354 3335
1 3355 3347
4 3355 3335
4 3356 3335
4 3357 3335
4 3358 3335
1 3359 3352
4 3359 3355
4 3360 3355
4 3361 3355
4 3362 3358
4 3363 3358
1 3364 3365
4 3365 3314
1 3366 3365
1 3367 3365
4 3368 3318
1 3369 3368
1 3370 3368
1 3371 3372
4 3371 3373
4 3371 3320
4 3372 3312
1 3373 3310
4 3373 3322
4 3374 3375
1 3375 3320
1 3376 3374
4 3376 3377
1 3377 3375
1 3378 3376
1 3378 3379
1 3379 3380
1 3380 3381
4 3380 3341
1 3381 3382
4 3381 3331
1 3382 3374
4 3382 3311
1 3383 3376
1 3384 3376
1 3385 3374
1 3386 3374
4 3386 3387
1 3387 3375
1 3388 3386
1 3389 3386
1 3389 3390
1 3390 3380
1 3391 3386
1 3392 3386
1 3393 3386
4 3394 3395
4 3394 3320
1 3395 3396
1 3396 3397
4 3396 3341
1 3397 3308
4 3397 3331
4 3398 3394
1 3399 3398
1 3400 3398
1 3401 3402
4 3401 3394
4 3402 3320
1 3403 3401
4 3403 3398
4 3404 3401
1 3405 3401
4 3405 3406
4 3406 3394
1 3407 3408
4 3407 3394
1 3408 3324
1 3409 3407
4 3409 3398
1 3410 3407
4 3410 3406
4 3411 3394
1 3412 3411
1 3413 3411
4 3414 3394
1 3415 3414
1 3416 3414
1 3417 3414
1 3418 3414
1 3419 3406
1 3420 3406
4 3421 3394
4 3422 3421
4 3423 3421
4 3424 3421
4 3425 3394
1 3426 3427
4 3426 3364
4 3426 3395
4 3427 3314
4 3428 3394
4 3429 3428
4 3430 3428
4 3431 3428
1 3432 3319
1 3433 3432
1 3434 3432
1 3435 3432
1 3436 3432
1 3437 3432
1 3438 3319
4 3438 3439
1 3439 3440
4 3440 3328
4 3441 3438
4 3442 3438
1 3443 3319
1 3444 3319
1 3445 3319
1 3446 3447
1 3446 3448
1 3447 3449
4 3447 3338
4 3448 3321
1 3449 3308
4 3449 3330
4 3450 3446
4 3451 3446
4 3452 3446
1 3453 3447
4 3454 3453
4 3455 3453
4 3456 3453
4 3457 3458
1 3458 3459
4 3458 3453
4 3459 3460
1 3460 3310
1 3461 3457
1 3462 3457
4 3463 3464
1 3464 3448
4 3464 3453
1 3465 3466
1 3465 3448
1 3466 3467
4 3466 3333
4 3467 3315
1 3468 3466
1 3468 3448
4 3469 3468
4 3470 3468
4 3471 3468
4 3472 3473
4 3473 3474
4 3474 3475
1 3475 3476
4 3475 3305
1 3476 3467
4 3476 3332
4 3477 3373
4 3477 3478
4 3477 3479
1 3478 3310
4 3479 3328
4 3480 3481
4 3481 3482
1 3482 3310
4 3482 3322
4 3482 3478
4 3483 3481
1 3484 3483
4 3484 3485
1 3485 3447
4 3485 3486
1 3486 3329
4 3486 3487
1 3487 3329
4 3488 3375
4 3488 3482
4 3489 3482
4 3490 3481
1 3491 3447
4 3491 3373
4 3491 3478
1 3492 3396
4 3492 3373
4 3492 3478
1 3493 3494
4 3493 3495
1 3494 3490
4 3495 3496
4 3495 3476
4 3495 3486
1 3496 3329
4 3497 3323
1 3498 3497
1 3498 3459
1 3499 3497
4 3499 3500
4 3500 3323
1 3501 3499
1 3502 3499
1 3503 3499
1 3503 3504
1 3504 3459
1 3505 3499
1 3505 3459
4 3506 3500
4 3507 3500
4 3508 3323
4 3509 3323
4 3510 3509
4 3511 3509
4 3512 3509
4 3513 3509
4 3513 3514
1 3514 3508
4 3515 3514
4 3516 3515
4 3517 3323
1 3518 3324
1 3519 3324
4 3520 3475
4 3521 3474
4 3522 3521
4 3523 3521
4 3524 3521
1 3525 3526
4 3525 3521
1 3526 3448
1 3527 3526
4 3527 3521
4 3528 3527
4 3529 3527
4 3530 3521
4 3531 3530
4 3532 3530
1 3533 3534
4 3533 3521
4 3534 3475
4 3535 3473
4 3536 3472
4 3537 3538
4 3538 3536
4 3539 3538
1 3540 3541
4 3541 3542
1 3542 3543
4 3542 3473
1 3543 3544
4 3543 3475
4 3544 3305
4 3545 3473
4 3546 3545
4 3547 3545
1 3548 3534
4 3548 3473
4 3549 3550
4 3550 3473
4 3551 3550
4 3552 3475
1 3553 3534
4 3553 3552
4 3554 3552
4 3555 3554
4 3556 3555
4 3557 3556
4 3558 3556
4 3559 3556
4 3560 3555
4 3561 3520
4 3561 3554
4 3562 3552
4 3563 3520
4 3563 3562
4 3564 3520
4 3564 3475
4 3565 3564
1 3566 3567
4 3566 3564
1 3567 3303
4 3567 3475
4 3568 3564
4 3569 3564
4 3570 3564
1 3571 3572
4 3571 3305
1 3572 3573
4 3572 3332
4 3573 3315
1 3574 3571
1 3574 3575
4 3575 3576
4 3575 3577
4 3576 3307
4 3577 3307
1 3578 3579
4 3579 3307
4 3580 3576
1 3581 3575
4 3581 3580
1 3582 3583
4 3582 3580
4 3583 3307
4 3584 3580
4 3585 3580
1 3586 3579
4 3586 3585
4 3587 3580
1 3588 3581
4 3588 3587
1 3589 3590
4 3589 3587
4 3590 3307
1 3591 3579
4 3591 3576
1 3592 3590
4 3592 3576
4 3593 3576
1 3594 3595
4 3594 3593
1 3595 3575
1 3596 3594
1 3597 3579
4 3597 3593
1 3598 3597
1 3599 3583
4 3599 3593
1 3600 3326
1 3600 3476
4 3600 3601
4 3600 3602
4 3601 3332
1 3602 3327
4 3603 3600
4 3604 3605
4 3604 3603
4 3605 3606
1 3606 3607
4 3607 3608
4 3608 3609
4 3609 3610
4 3609 3328
1 3610 3611
4 3610 3332
1 3611 3479
4 3611 3315
4 3612 3613
4 3612 3604
4 3613 3603
4 3614 3603
4 3615 3603
4 3616 3613
4 3616 3615
4 3617 3615
4 3618 3615
4 3619 3618
4 3620 3618
4 3621 3603
4 3622 3603
4 3623 3622
4 3623 3604
4 3624 3622
4 3624 3618
4 3625 3603
4 3626 3600
4 3627 3626
4 3628 3626
4 3629 3626
4 3630 3626
4 3631 3600
4 3632 3631
4 3633 3631
1 3634 3326
1 3634 3476
4 3634 3635
4 3634 3601
1 3635 3327
1 3636 3637
4 3636 3638
4 3637 3634
4 3638 3634
4 3639 3640
4 3640 3638
4 3641 3640
4 3642 3643
4 3642 3638
4 3643 3634
4 3644 3643
4 3644 3638
4 3645 3634
4 3646 3643
4 3647 3648
4 3648 3634
4 3649 3646
4 3650 3634
4 3651 3640
4 3652 3643
4 3653 3638
4 3654 3634
4 3655 3654
4 3656 3654
4 3657 3654
4 3658 3634
1 3659 3326
1 3659 3476
4 3659 3496
4 3659 3601
4 3659 3660
1 3660 3327
4 3661 3659
4 3662 3659
4 3663 3659
4 3663 3664
1 3664 3665
4 3665 3496
4 3666 3659
4 3667 3659
4 3668 3659
4 3669 3659
4 3670 3659
4 3671 3328
4 3672 3671
1 3673 3672
1 3673 3674
1 3674 3675
4 3674 3340
1 3675 3676
4 3675 3331
1 3676 3479
4 3676 3311
1 3677 3672
1 3677 3678
1 3678 3679
4 3678 3339
1 3679 3676
4 3679 3330
1 3680 3681
1 3681 3479
4 3681 3671
4 3681 3316
1 3682 3680
1 3682 3683
4 3682 3350
1 3683 3684
4 3683 3346
1 3684 3681
4 3684 3334
1 3685 3680
1 3685 3686
4 3685 3361
1 3686 3687
4 3686 3355
1 3687 3681
4 3687 3335
1 3688 3681
1 3689 3688
1 3690 3688
1 3691 3681
1 3692 3691
1 3692 3683
4 3692 3353
1 3693 3691
1 3693 3686
4 3693 3360
1 3694 3681
1 3695 3694
1 3695 3696
1 3696 3686
4 3696 3359
1 3697 3694
1 3697 3698
1 3698 3683
4 3698 3351
1 3699 3681
4 3700 3328
4 3701 3702
1 3702 3703
4 3702 3700
1 3703 3676
4 3703 3309
1 3704 3701
1 3704 3678
1 3704 3705
1 3705 3479
4 3705 3317
1 3706 3701
1 3706 3707
1 3707 3611
4 3707 3333
1 3708 3701
1 3708 3709
1 3709 3703
1 3709 3679
4 3709 3336
1 3710 3701
1 3710 3678
1 3711 3701
1 3711 3712
1 3712 3703
1 3712 3675
4 3712 3337
1 3713 3674
4 3713 3700
4 3714 3609
1 3715 3440
1 3716 3440
1 3717 3440
1 3718 3329
4 3718 3487
1 3719 3329
1 3720 3329
4 3721 3485
4 3722 3721
4 3723 3721
4 3724 3485
4 3725 3485
4 3726 3725
4 3727 3725
4 3728 3725
4 3729 3485
1 3730 3729
1 3731 3729
1 3732 3729
4 3733 3734
4 3733 3495
4 3734 3601
4 3735 3734
1 3736 3737
4 3736 3734
4 3736 3495
4 3737 3486
4 3738 3734
4 3738 3495
1 3739 3459
4 3739 3734
4 3739 3495
1 3740 3326
4 3740 3741
4 3740 3495
1 3741 3327
4 3742 3734
4 3742 3495
1 3743 3742
1 3744 3742
4 3745 3486
4 3745 3746
1 3746 3476
1 3746 3466
4 3746 3496
1 3747 3396
1 3747 3466
4 3747 3486
1 3748 3447
4 3748 3486
1 3749 3447
4 3749 3750
4 3750 3718
4 3751 3752
4 3752 3749
1 3753 3447
4 3753 3750
1 3754 3447
4 3754 3750
1 3755 3447
4 3755 3718
4 3756 3755
4 3757 3755
1 3758 3757
1 3759 3757
1 3760 3757
1 3761 3760
1 3762 3760
4 3763 3755
4 3764 3765
4 3765 3763
1 3766 3447
4 3766 3719
4 3767 3766
4 3768 3766
4 3769 3766
4 3770 3766
4 3771 3766
4 3772 3766
4 3773 3766
4 3774 3773
4 3774 3770
4 3775 3773
1 3776 3777
4 3776 3719
1 3777 3449
4 3777 3339
1 3778 3777
4 3778 3779
4 3779 3719
1 3780 3777
4 3780 3779
4 3781 3720
4 3782 3781
4 3782 3783
1 3783 3784
4 3783 3781
1 3784 3777
4 3784 3781
1 3785 3786
4 3785 3784
4 3786 3720
1 3787 3784
1 3787 3788
4 3787 3781
1 3788 3789
4 3789 3720
1 3790 3784
4 3790 3781
4 3791 3781
4 3792 3781
4 3793 3781
1 3794 3784
1 3794 3789
4 3794 3781
4 3795 3794
4 3796 3794
4 3797 3794
4 3798 3794
1 3799 3784
4 3799 3781
4 3800 3720
1 3801 3802
4 3801 3800
1 3802 3777
4 3802 3800
4 3803 3800
1 3804 3786
4 3804 3802
1 3805 3804
1 3806 3804
1 3806 3459
4 3806 3807
1 3807 3778
1 3808 3804
1 3809 3804
1 3810 3804
1 3810 3802
1 3810 3459
1 3811 3804
1 3811 3802
4 3812 3813
1 3813 3802
4 3813 3800
4 3814 3800
4 3815 3800
1 3816 3802
4 3816 3800
1 3817 3802
1 3817 3788
4 3817 3800
4 3818 3817
1 3819 3802
4 3819 3800
1 3820 3466
4 3820 3496
1 3821 3396
4 3821 3496
4 3822 3821
4 3823 3822
4 3824 3822
4 3825 3822
4 3826 3822
4 3827 3822
4 3828 3821
1 3829 3828
1 3830 3828
1 3831 3821
1 3832 3821
1 3833 3834
4 3834 3832
1 3835 3834
1 3836 3834
1 3837 3834
1 3838 3476
4 3838 3496
1 3839 3427
4 3839 3367
4 3839 3496
1 3840 3665
1 3841 3396
4 3841 3840
1 3842 3841
1 3843 3841
1 3844 3841
1 3845 3841
1 3846 3396
1 3846 3466
4 3846 3840
4 3847 3664
4 3847 3746
4 3848 3366
4 3849 3366
4 3850 3849
4 3851 3849
4 3852 3366
1 3853 3427
4 3853 3366
4 3854 3366
1 3855 3856
4 3855 3345
1 3856 3857
4 3856 3334
4 3857 3316
1 3858 3856
4 3858 3346
1 3859 3858
1 3860 3351
1 3861 3351
1 3862 3351
1 3863 3351
1 3864 3351
1 3865 3856
4 3865 3348
1 3866 3856
4 3866 3349
1 3867 3866
1 3868 3866
1 3869 3870
4 3869 3354
1 3870 3857
4 3870 3335
1 3871 3870
4 3871 3355
1 3872 3359
1 3873 3359
1 3874 3359
1 3875 3359
1 3876 3359
1 3877 3870
4 3877 3356
1 3878 3870
4 3878 3357
1 3879 3880
4 3880 3318
4 3881 3318
4 3882 3883
4 3883 3378
4 3884 3885
4 3885 3378
4 3886 3378
4 3887 3886
4 3888 3886
4 3889 3886
1 3890 3389
1 3891 3389
1 3892 3425
4 3893 3894
4 3894 3426
4 3895 3894
1 3896 3435
1 3897 3436
1 3898 3437
4 3899 3394
1 3900 3408
4 3900 3428
1 3901 3402
4 3901 3428
4 3902 3428
4 3903 3428
1 3904 3382
4 3904 3309
1 3905 3906
4 3905 3309
1 3906 3319
4 3906 3311
1 3907 3908
4 3907 3309
1 3908 3324
4 3908 3311
1 3909 3910
4 3909 3309
1 3910 3579
4 3910 3311
1 3911 3912
4 3911 3309
1 3912 3500
4 3912 3311
1 3913 3904
1 3913 3914
4 3913 3336
1 3914 3382
4 3914 3330
1 3915 3905
1 3915 3916
4 3915 3336
1 3916 3906
4 3916 3330
1 3917 3907
1 3917 3918
4 3917 3336
1 3918 3908
4 3918 3330
1 3919 3909
1 3919 3920
4 3919 3336
1 3920 3910
4 3920 3330
1 3921 3911
1 3921 3922
4 3921 3336
1 3922 3912
4 3922 3330
1 3923 3904
1 3923 3381
4 3923 3337
1 3924 3905
1 3924 3925
4 3924 3337
1 3925 3906
4 3925 3331
1 3926 3907
1 3926 3927
4 3926 3337
1 3927 3908
4 3927 3331
1 3928 3909
1 3928 3929
4 3928 3337
1 3929 3910
4 3929 3331
1 3930 3911
1 3930 3931
4 3930 3337
1 3931 3912
4 3931 3331
1 3932 3914
4 3932 3338
1 3933 3916
4 3933 3338
1 3934 3918
4 3934 3338
1 3935 3920
4 3935 3338
1 3936 3922
4 3936 3338
1 3937 3914
4 3937 3339
1 3938 3916
4 3938 3339
1 3939 3918
4 3939 3339
1 3940 3939
1 3941 3939
1 3942 3939
1 3943 3939
1 3944 3939
1 3945 3944
1 3946 3944
1 3947 3920
4 3947 3339
1 3948 3922
4 3948 3339
1 3949 3927
4 3949 3340
1 3950 3381
4 3950 3340
1 3951 3925
4 3951 3340
1 3952 3929
4 3952 3340
1 3953 3397
4 3953 3340
1 3954 3931
4 3954 3340
1 3955 3925
4 3955 3341
1 3956 3929
4 3956 3341
1 3957 3314
1 3958 3957
1 3959 3957
1 3960 3374
4 3960 3315
1 3961 3319
4 3961 3315
1 3962 3324
4 3962 3315
1 3963 3500
4 3963 3315
1 3964 3960
4 3964 3332
1 3965 3961
4 3965 3332
1 3966 3962
4 3966 3332
1 3967 3966
1 3968 3963
4 3968 3332
1 3969 3960
4 3969 3333
1 3970 3961
4 3970 3333
1 3971 3970
1 3972 3962
4 3972 3333
1 3973 3573
4 3973 3333
1 3974 3963
4 3974 3333
1 3975 3976
4 3975 3342
1 3976 3977
4 3976 3334
1 3977 3374
4 3977 3316
1 3978 3684
4 3978 3342
1 3979 3980
4 3979 3342
1 3980 3981
4 3980 3334
1 3981 3319
4 3981 3316
1 3982 3983
4 3982 3342
1 3983 3984
4 3983 3334
1 3984 3324
4 3984 3316
1 3985 3986
4 3985 3342
1 3986 3987
4 3986 3334
1 3987 3579
4 3987 3316
1 3988 3989
4 3988 3342
1 3989 3990
4 3989 3334
1 3990 3500
4 3990 3316
1 3991 3975
4 3991 3343
1 3992 3978
4 3992 3343
1 3993 3979
4 3993 3343
1 3994 3982
4 3994 3343
1 3995 3985
4 3995 3343
1 3996 3988
4 3996 3343
1 3997 3975
4 3997 3344
1 3998 3978
4 3998 3344
1 3999 3979
4 3999 3344
1 4000 3982
4 4000 3344
1 4001 3985
1 4002 3988
4 4002 3344
1 4003 3979
4 4003 3345
1 4004 3988
4 4004 3345
1 4005 3976
4 4005 3346
1 4006 3980
4 4006 3346
4 4007 3351
4 4008 3351
4 4009 3351
4 4010 3351
4 4011 3351
4 4012 3351
1 4013 3983
4 4013 3346
1 4014 3986
4 4014 3346
1 4015 3989
4 4015 3346
1 4016 3684
4 4016 3348
1 4017 3980
4 4017 3348
1 4018 3983
4 4018 3348
1 4019 3986
4 4019 3348
1 4020 3989
4 4020 3348
1 4021 3980
4 4021 3349
1 4022 3986
4 4022 3349
1 4023 3989
4 4023 3349
1 4024 4025
4 4024 3354
1 4025 3981
4 4025 3335
1 4026 4027
4 4026 3354
1 4027 3987
4 4027 3335
1 4028 4029
4 4028 3354
1 4029 3990
4 4029 3335
1 4030 4031
4 4030 3355
1 4031 3977
4 4031 3335
1 4032 4025
4 4032 3355
4 4033 3359
4 4034 3359
4 4035 3359
4 4036 3359
4 4037 3359
4 4038 3359
1 4039 4040
4 4039 3355
1 4040 3984
4 4040 3335
1 4041 4027
4 4041 3355
1 4042 4029
4 4042 3355
1 4043 3687
4 4043 3356
1 4044 4025
4 4044 3356
1 4045 4040
4 4045 3356
1 4046 4029
4 4046 3356
1 4047 4048
4 4047 3357
1 4048 3687
4 4048 3358
1 4049 4050
4 4049 3357
1 4050 4025
4 4050 3358
1 4051 4029
4 4051 3357
1 4052 4031
4 4052 3358
1 4053 4040
4 4053 3358
1 4054 4027
4 4054 3358
1 4055 4029
4 4055 3358
1 4056 4052
4 4056 3362
1 4057 4048
4 4057 3362
1 4058 4050
4 4058 3362
1 4059 4053
4 4059 3362
1 4060 4054
4 4060 3362
1 4061 4055
4 4061 3362
1 4062 4052
4 4062 3363
1 4063 4048
4 4063 3363
1 4064 4050
4 4064 3363
1 4065 4053
4 4065 3363
1 4066 4054
4 4066 3363
1 4067 4055
4 4067 3363
1 4068 3374
4 4068 3317
1 4069 3319
4 4069 3317
1 4070 4069
1 4071 3324
4 4071 3317
1 4072 3500
4 4072 3317
1 4073 4074
4 4073 3378
1 4074 4075
4 4074 3377
1 4075 3402
4 4075 3374
1 4076 4077
4 4076 3378
1 4077 4078
4 4077 3377
4 4078 3374
1 4079 4074
4 4079 3383
1 4080 4077
4 4080 3383
1 4081 4074
4 4081 3384
1 4082 4077
4 4082 3384
1 4083 4075
4 4083 3385
1 4084 4085
4 4084 3388
1 4085 4075
4 4085 3387
1 4086 4085
4 4086 3389
4 4087 3387
4 4087 4078
1 4088 4085
4 4088 3393
1 4089 3446
1 4090 3446
4 4091 3453
1 4092 4091
1 4093 4091
4 4094 3453
4 4095 3468
4 4096 3468
4 4097 3468
1 4098 3470
1 4099 3470
4 4100 3468
4 4101 3484
4 4102 3484
4 4103 4102
4 4104 3484
1 4105 3489
1 4106 3489
1 4106 3466
1 4107 3489
1 4108 3489
4 4109 3489
4 4110 3489
4 4111 3489
4 4112 3489
1 4113 4112
1 4114 4112
4 4115 3489
4 4116 3489
4 4117 3482
1 4118 3488
1 4119 3488
4 4120 3488
4 4121 3488
4 4122 3491
4 4123 3491
4 4124 3491
4 4125 4126
4 4126 3491
4 4127 3491
4 4128 3491
4 4129 4128
4 4130 4128
4 4131 4125
4 4132 4126
4 4133 4132
4 4134 4132
4 4135 4132
4 4136 3492
4 4137 3492
4 4138 3492
1 4139 4138
4 4140 3492
4 4141 3492
4 4142 4141
1 4143 3493
1 4144 3493
1 4145 3493
4 4146 3493
4 4147 3493
1 4148 4149
4 4148 3514
4 4149 3500
4 4150 3516
4 4151 3516
4 4152 3516
4 4153 3517
4 4154 3517
4 4155 4154
4 4156 4155
4 4157 4155
1 4158 3498
1 4158 3447
4 4159 3498
1 4160 3498
1 4160 3466
1 4161 3498
1 4161 3784
4 4162 3498
4 4163 3498
4 4164 3498
1 4165 3504
4 4165 3498
4 4166 3498
4 4167 3498
1 4168 3498
1 4168 3953
4 4169 3506
4 4170 3506
4 4171 3506
4 4172 3506
4 4173 3506
4 4174 3507
4 4175 3507
4 4176 3507
4 4177 3507
4 4178 3507
4 4179 3507
4 4180 3534
4 4180 3475
4 4181 3567
4 4182 3475
1 4183 4184
4 4183 3475
4 4184 3305
1 4185 4186
4 4185 4183
4 4186 4184
1 4187 4188
4 4187 4183
4 4188 4184
1 4189 4190
4 4189 4183
4 4190 4184
4 4191 3475
4 4192 3475
1 4193 4181
4 4193 3520
1 4194 3567
4 4194 3520
4 4195 3534
4 4195 3475
4 4196 4195
4 4197 4195
4 4198 3521
1 4199 4200
4 4199 4198
1 4200 4185
4 4200 4201
1 4201 4183
4 4201 3474
1 4202 4203
4 4202 4198
1 4203 4187
4 4203 4201
1 4204 4205
4 4204 4198
1 4205 4189
4 4205 4201
4 4206 3522
4 4207 4206
4 4208 4206
4 4209 3523
4 4210 4209
4 4211 4209
4 4212 4209
4 4213 3523
4 4214 4213
4 4215 4213
4 4216 4215
4 4217 4213
4 4218 4213
4 4219 4213
4 4220 4213
4 4221 4220
4 4222 3523
4 4223 4222
4 4224 4222
4 4225 4222
4 4226 3524
4 4227 3524
4 4228 3524
4 4229 3524
4 4230 3528
4 4231 3528
4 4232 3528
4 4233 3528
4 4234 3529
4 4235 3529
4 4236 3529
4 4237 3531
4 4238 3531
4 4239 3531
4 4240 3531
4 4241 4240
4 4242 4240
4 4243 3531
4 4244 3531
4 4245 4244
4 4246 4244
4 4247 3531
4 4248 4247
4 4249 4247
4 4250 4247
4 4251 3532
4 4252 3532
4 4253 3532
4 4254 3532
1 4255 4195
4 4255 3533
1 4256 4196
4 4256 4255
1 4257 4197
4 4257 4255
1 4258 4180
4 4258 3533
4 4259 3535
4 4260 3535
4 4261 3535
4 4262 4261
4 4263 3535
4 4264 4263
4 4265 4263
4 4266 4265
4 4267 4265
4 4268 4263
1 4269 3537
1 4270 3537
1 4271 3537
1 4272 3537
1 4273 3537
1 4274 3537
1 4275 3539
4 4276 4275
1 4277 3539
4 4278 4277
4 4279 4277
4 4279 4280
1 4280 3539
4 4281 4277
4 4281 4280
1 4282 3539
1 4283 3544
4 4283 3304
4 4284 4282
4 4284 4285
1 4285 3539
4 4286 4282
1 4287 3539
4 4288 4287
4 4289 4287
4 4290 3486
4 4291 4280
1 4292 3735
1 4293 3735
4 4294 4285
4 4295 4285
1 4296 3539
4 4297 4296
4 4298 4297
4 4299 4298
4 4300 4298
4 4301 4298
4 4302 4297
4 4303 4302
4 4304 4302
4 4305 4296
4 4306 4296
4 4307 4306
4 4308 4306
4 4309 4296
4 4310 4309
4 4311 4296
4 4312 4296
1 4313 3539
4 4314 4313
4 4315 4313
1 4316 3567
4 4316 3473
1 4317 4318
4 4318 3546
4 4319 3546
1 4320 4318
4 4321 3547
1 4322 4323
4 4323 3547
1 4324 4323
1 4325 4323
1 4326 4323
1 4327 4328
4 4328 3547
1 4329 4328
1 4330 4328
1 4331 4328
1 4332 4328
1 4333 4328
4 4334 3545
1 4335 4195
4 4335 3548
1 4336 4196
4 4336 4335
1 4337 4197
4 4337 4335
1 4338 4180
4 4338 3548
4 4339 3548
4 4340 3550
4 4341 4340
4 4342 3549
4 4343 3551
4 4344 3551
4 4345 3551
4 4346 3551
4 4347 3551
4 4348 3551
4 4349 3549
4 4350 3549
4 4351 4350
4 4352 3549
4 4353 3473
1 4354 4200
4 4354 4353
1 4355 4203
4 4355 4353
1 4356 4205
4 4356 4353
1 4357 4195
4 4357 3553
1 4358 4196
4 4358 4357
1 4359 4197
4 4359 4357
1 4360 4180
4 4360 3553
1 4361 4183
4 4361 3552
1 4362 4185
4 4362 4361
1 4363 4187
4 4363 4361
1 4364 4189
4 4364 4361
4 4365 3557
4 4366 3557
1 4367 3558
1 4368 4367
1 4369 4367
1 4370 3558
1 4371 3558
4 4372 3559
4 4373 3559
4 4374 3559
4 4375 3559
4 4376 3559
4 4377 3559
4 4378 3559
4 4379 3559
4 4380 3559
4 4381 3559
1 4382 3560
1 4383 3560
1 4384 4193
4 4384 3561
1 4385 4193
4 4385 3561
1 4386 4193
4 4386 3561
1 4387 4193
4 4387 3561
1 4388 4193
4 4388 3561
1 4389 4193
4 4389 3561
1 4390 4193
4 4390 3561
1 4391 4193
4 4391 3561
1 4392 4193
4 4392 3561
1 4393 4193
4 4393 3561
1 4394 4193
4 4394 3561
1 4395 4193
4 4395 3561
1 4396 4193
4 4396 3561
1 4397 4193
4 4397 3561
1 4398 4193
4 4398 3561
1 4399 4193
4 4399 3561
1 4400 4193
4 4400 3561
1 4401 4193
4 4401 3561
4 4402 4401
4 4403 4401
1 4404 4193
4 4404 3561
1 4405 4193
4 4405 3561
1 4406 4193
4 4406 3563
4 4407 3563
1 4408 4193
4 4408 3563
1 4409 4193
4 4409 3563
1 4410 4193
4 4410 3563
1 4411 4193
4 4411 3563
1 4412 4193
4 4412 3563
1 4413 4193
4 4413 3563
4 4414 4413
4 4415 4413
4 4416 4413
4 4417 4413
4 4418 4413
4 4419 4413
1 4420 4193
4 4420 3563
1 4421 4193
4 4421 3563
1 4422 4193
4 4422 3563
1 4423 4193
4 4423 3563
1 4424 4193
4 4424 3563
1 4425 4193
4 4425 3563
1 4426 4403
4 4426 3563
1 4427 4193
4 4427 3563
1 4428 4193
4 4428 3564
1 4429 4430
4 4429 3564
1 4430 3543
4 4430 3520
1 4431 4403
4 4431 3564
1 4432 4183
4 4432 3564
1 4433 4185
4 4433 4432
1 4434 4187
4 4434 4432
1 4435 4189
4 4435 4432
4 4436 3564
1 4437 4193
4 4437 3570
4 4438 3568
4 4439 3568
4 4440 3568
4 4441 4442
4 4442 3569
4 4443 4442
1 4444 4193
4 4444 3570
4 4445 3570
1 4446 4193
4 4446 3570
1 4447 4193
4 4447 3570
1 4448 4193
4 4448 3570
1 4449 4193
4 4449 3570
1 4450 4193
4 4450 3570
1 4451 3574
1 4452 3574
4 4453 4452
4 4454 4452
1 4455 3574
1 4456 3574
4 4457 4456
4 4458 4456
1 4459 3574
4 4460 4459
4 4461 4459
1 4462 3578
1 4463 3578
4 4464 4463
1 4465 3597
4 4465 4463
1 4466 3578
4 4467 4466
1 4468 3578
1 4469 3578
1 4470 3578
1 4471 3578
1 4472 3578
4 4472 3634
4 4473 4472
4 4474 4472
1 4475 3578
4 4476 4475
4 4477 4476
4 4478 4475
4 4479 4475
1 4480 3578
1 4481 3578
4 4482 4481
4 4483 4481
1 4484 3578
4 4485 4484
4 4486 4484
4 4487 3304
4 4488 3302
4 4489 3302
4 4490 4489
4 4491 4489
4 4492 4489
4 4493 4489
4 4494 4489
4 4495 3304
4 4496 3302
4 4497 4496
4 4498 4496
4 4499 3304
1 4500 4184
4 4500 3304
1 4501 4186
4 4501 4500
1 4502 4188
4 4502 4500
1 4503 4190
4 4503 4500
4 4504 3302
1 4505 4506
1 4506 3581
4 4507 3321
1 4508 3582
1 4509 3582
1 4510 3582
4 4511 4510
4 4512 4510
1 4513 3582
1 4514 3575
4 4514 3584
1 4515 3579
4 4515 3584
1 4516 4515
1 4517 3583
4 4517 3584
1 4518 4517
1 4519 4517
1 4520 3586
4 4521 4520
4 4522 4520
1 4523 3588
1 4524 4523
1 4525 4523
1 4526 4523
1 4527 3588
1 4528 3588
1 4529 3588
1 4530 3583
4 4530 3587
1 4531 4530
1 4532 3589
1 4533 3589
1 4534 3589
1 4535 3591
1 4535 3985
4 4535 4536
1 4536 3599
1 4536 3986
1 4537 3591
1 4537 4054
1 4538 3591
1 4538 3985
4 4538 4536
1 4539 3591
1 4539 4054
1 4540 3591
1 4540 3956
1 4541 3591
1 4541 3985
4 4541 4536
1 4542 3591
1 4542 4054
1 4542 4027
4 4542 4543
1 4543 3599
1 4544 3591
1 4544 4054
1 4545 3591
1 4545 3985
4 4545 4536
1 4546 3592
1 4547 3592
1 4548 3592
1 4549 3592
1 4550 3592
4 4551 3612
4 4552 3612
4 4553 3612
4 4554 3604
4 4555 4554
4 4556 3614
4 4557 3614
4 4558 3603
4 4559 3616
4 4560 3616
1 4561 3443
4 4561 3616
4 4562 3616
4 4563 4562
4 4564 3616
4 4565 4564
4 4566 4564
4 4567 3616
4 4568 3616
4 4569 3616
4 4570 3619
4 4571 3619
4 4572 3620
4 4573 3620
4 4574 3621
4 4575 3621
1 4576 3623
1 4577 3623
1 4578 3623
4 4579 3624
4 4579 3623
1 4580 3624
1 4581 3624
1 4582 3624
1 4583 3627
1 4584 3627
1 4585 3627
4 4586 3626
4 4587 3626
1 4588 3629
1 4589 3629
4 4590 3626
4 4591 3630
4 4592 3630
4 4593 3626
4 4594 3632
4 4595 3632
1 4596 3443
4 4596 3632
4 4597 3632
4 4598 4597
4 4599 4597
4 4600 3632
4 4601 3632
4 4602 3633
4 4603 3633
1 4604 3372
4 4604 3636
4 4604 4605
4 4605 3372
4 4605 3634
4 4606 3639
4 4607 3641
4 4608 3641
4 4609 3644
4 4610 3644
4 4611 3644
4 4612 3644
4 4613 3644
4 4614 3644
4 4615 3644
1 4616 3645
4 4617 4616
1 4618 3645
4 4618 3649
4 4619 3646
4 4620 3646
1 4621 4620
1 4622 4620
1 4623 3518
1 4623 3647
4 4624 3646
4 4625 3646
1 4626 3649
1 4627 3443
4 4627 3649
4 4628 3649
1 4629 3649
4 4630 3646
1 4631 3646
4 4632 3646
4 4633 3646
4 4634 3646
1 4635 3646
1 4636 3648
1 4637 4636
1 4638 4636
1 4639 3648
1 4640 3647
1 4641 3647
1 4642 4643
1 4643 4639
1 4644 4642
1 4645 4642
1 4646 4643
1 4647 4646
1 4648 4646
1 4649 4646
1 4650 4646
4 4651 3650
1 4652 4651
1 4653 4651
1 4654 3372
4 4654 4605
4 4654 3650
4 4654 4655
4 4655 4656
1 4656 3637
4 4656 4657
4 4657 3634
4 4658 3651
1 4659 4658
1 4660 4658
4 4661 3651
4 4662 3651
4 4663 3651
4 4664 4663
4 4665 3652
4 4666 3652
1 4667 3459
4 4667 3652
4 4668 4667
4 4669 3652
4 4670 3652
4 4671 3653
4 4672 3653
1 4673 4672
1 4674 4672
4 4675 3653
4 4676 3654
4 4677 3654
4 4678 3654
1 4679 4680
4 4680 3654
1 4681 4682
4 4682 3654
1 4683 4680
1 4684 4680
1 4685 4680
1 4686 4682
1 4687 4680
1 4688 4680
1 4689 4680
4 4690 3654
1 4691 3661
4 4692 4691
4 4693 4691
1 4694 3661
1 4695 4696
4 4695 3663
1 4696 4697
4 4696 3664
1 4697 4698
4 4697 3665
4 4698 3496
1 4699 4695
1 4700 4695
4 4701 3666
4 4702 3670
1 4703 3673
1 4703 4016
1 4704 3673
1 4704 4016
1 4705 3673
4 4706 4705
4 4707 4705
4 4708 4705
1 4709 3677
1 4710 3677
1 4710 4043
1 4711 3677
1 4711 4043
1 4712 3677
1 4712 4043
1 4713 4714
1 4714 3682
1 4715 4716
1 4716 3682
1 4717 4716
1 4718 4716
1 4719 4716
1 4720 3682
1 4721 3682
1 4722 4714
1 4723 4714
1 4724 3685
1 4725 3685
1 4726 3685
1 4727 3685
1 4728 3685
1 4729 3685
1 4730 3685
1 4731 3685
1 4732 3689
1 4732 3998
1 4732 4016
1 4733 3689
1 4733 3992
1 4734 3689
1 4734 3992
1 4735 3690
1 4735 4043
1 4735 4063
1 4736 3690
1 4736 4057
1 4737 3690
1 4737 4057
4 4738 3688
4 4739 3688
1 4740 3692
1 4741 3692
1 4742 3692
1 4743 3692
1 4744 3692
1 4745 3693
1 4746 3693
1 4747 3693
1 4748 3693
1 4749 3693
1 4750 3699
1 4750 4047
1 4751 3699
1 4752 3696
1 4752 4751
1 4753 3698
1 4753 4751
1 4754 4057
1 4754 4751
1 4755 3992
1 4755 4751
1 4756 3695
1 4757 3695
1 4758 3695
1 4759 3695
1 4760 3695
1 4761 3695
1 4762 3695
1 4763 3695
1 4764 3697
1 4765 3697
1 4766 3697
1 4767 3697
1 4768 3697
1 4769 3697
1 4770 3697
1 4771 3697
4 4772 3713
4 4773 3713
1 4774 3713
1 4775 3713
4 4776 3713
1 4777 3713
1 4778 3713
1 4779 3713
1 4780 3713
1 4781 3713
1 4782 3713
1 4783 3713
1 4784 3713
1 4785 3713
1 4786 3713
1 4787 3713
1 4788 3713
1 4789 3713
4 4790 3713
4 4791 3713
4 4792 3713
4 4793 3713
4 4794 3713
1 4795 3713
1 4796 3704
1 4797 3706
1 4798 3706
1 4799 3706
1 4800 3706
1 4801 3706
1 4802 3706
1 4803 3706
1 4804 3708
1 4805 3708
1 4806 3708
1 4807 3708
1 4808 3708
1 4809 3708
1 4810 3710
1 4811 3710
1 4812 3710
1 4813 3710
1 4814 3711
1 4815 3711
1 4816 3711
1 4817 3711
1 4818 3711
1 4819 3711
1 4820 3711
1 4821 3711
1 4822 3711
1 4823 3711
1 4824 3711
1 4825 3711
1 4826 3711
4 4827 3701
4 4828 3701
4 4829 3701
4 4830 3701
4 4831 3701
4 4832 3701
4 4833 3701
4 4834 3701
4 4835 4836
4 4836 3787
4 4837 3479
1 4838 3607
1 4839 3607
1 4840 3607
4 4841 3608
1 4842 3607
1 4843 3607
1 4844 3607
1 4845 3607
1 4846 3607
1 4847 3607
1 4848 3607
1 4849 3607
1 4850 3607
4 4851 3608
1 4852 4697
4 4852 3840
4 4853 3714
1 4854 4853
1 4855 4853
1 4856 4853
1 4857 4853
1 4858 3738
1 4858 4853
4 4858 4859
4 4859 4860
1 4860 3476
4 4860 3714
4 4861 4858
4 4862 4858
4 4863 4858
1 4864 3738
1 4864 4853
4 4864 4865
4 4865 4860
4 4866 4864
1 4867 3738
1 4868 4853
1 4869 4853
1 4870 4853
1 4871 3607
1 4871 4853
4 4872 3715
1 4873 3715
1 4874 3715
1 4875 3716
1 4876 4875
1 4877 4875
1 4878 3716
1 4879 3440
1 4880 4879
1 4881 4879
1 4882 3440
1 4883 4882
1 4884 4882
1 4885 4882
1 4886 4882
1 4887 3440
4 4888 3717
4 4889 3717
4 4890 3486
4 4891 3486
4 4892 3486
4 4893 3486
4 4894 4893
1 4895 4290
1 4896 4290
4 4897 3722
4 4898 3722
4 4899 3721
1 4900 3518
1 4900 4899
4 4901 3721
1 4902 4901
1 4903 4901
4 4904 3485
1 4905 3737
4 4905 4906
1 4906 4890
4 4906 4907
4 4907 3485
1 4908 4891
4 4908 4907
1 4909 4892
4 4909 4907
4 4910 3726
1 4911 3727
1 4912 3727
1 4913 3727
1 4914 4904
4 4914 3725
4 4915 4905
4 4915 4916
4 4916 4906
4 4916 4917
4 4917 3725
4 4917 4907
4 4918 4908
4 4918 4917
4 4919 4917
4 4919 4909
4 4920 4919
4 4921 4919
1 4922 3484
4 4922 3725
1 4923 3459
4 4923 3729
1 4924 4904
4 4924 3729
4 4925 4926
4 4925 4905
4 4926 4927
4 4926 4906
4 4927 3729
1 4928 4929
4 4928 4926
4 4929 3486
1 4930 4931
4 4930 3729
4 4931 3486
1 4932 4930
1 4933 3484
4 4933 3729
4 4934 4908
4 4934 4927
4 4935 4927
4 4935 4909
4 4936 4935
4 4937 4935
4 4938 4927
4 4939 3729
1 4940 4290
1 4941 3737
4 4941 4942
4 4942 4943
4 4943 3747
1 4944 4941
1 4945 4941
1 4946 4929
4 4946 4942
1 4947 4931
4 4947 3747
1 4948 4947
1 4949 4891
4 4949 4943
4 4950 4951
4 4951 4943
1 4952 4892
4 4952 4951
4 4953 4952
4 4954 4952
4 4955 3733
4 4956 3735
4 4957 3735
4 4958 3735
1 4959 3738
1 4960 3738
1 4961 3738
1 4962 4963
1 4963 3739
1 4964 4965
1 4965 3739
4 4966 3739
4 4967 3739
1 4968 4965
1 4969 4965
4 4970 3740
4 4971 3740
4 4972 3740
4 4973 3740
1 4974 4973
1 4975 4973
4 4976 3740
4 4977 3742
4 4978 3742
4 4979 3742
1 4980 3743
1 4980 4981
4 4981 4859
1 4982 3743
1 4982 4983
4 4983 4865
1 4984 3744
1 4984 4981
1 4985 3744
1 4985 4983
4 4986 3742
1 4987 3737
1 4987 4988
4 4987 3745
4 4988 3746
4 4989 3748
1 4990 4991
4 4991 3748
1 4992 4991
1 4993 3737
4 4993 4994
4 4994 4995
4 4995 3748
1 4996 4993
1 4997 4991
1 4998 4991
4 4999 4998
1 5000 4991
1 5001 4991
1 5002 4931
4 5002 3748
1 5003 5002
1 5004 3443
4 5004 5003
1 5005 3443
4 5005 5003
1 5006 5002
1 5007 3443
4 5007 5006
4 5008 5006
1 5009 4991
1 5010 4991
1 5011 4891
4 5011 4995
1 5012 4892
4 5012 4995
4 5013 5012
4 5014 3749
4 5015 3749
4 5015 3755
4 5016 3752
4 5017 3753
4 5018 3753
4 5019 3753
4 5020 3753
4 5021 3752
4 5021 3754
4 5022 5015
4 5022 3754
4 5023 3754
4 5024 3754
4 5025 3754
1 5026 3758
1 5027 3758
4 5028 3755
1 5029 3767
1 5030 3767
1 5031 3769
4 5032 5031
1 5033 3770
1 5034 3770
4 5035 5034
4 5036 5034
4 5037 3771
4 5038 3771
4 5039 3771
1 5040 3766
4 5041 3774
4 5042 5043
1 5043 5044
4 5043 5041
1 5044 5045
4 5045 3766
4 5046 5043
4 5047 3774
4 5048 5047
4 5049 5047
1 5050 3774
4 5050 5033
4 5051 3774
1 5052 3775
1 5053 5052
1 5053 5054
1 5053 5055
4 5054 3770
1 5055 3775
4 5056 5053
4 5057 5053
4 5057 5058
4 5058 5059
4 5059 3770
1 5060 5052
1 5060 5061
1 5061 3775
1 5061 5054
4 5062 5060
4 5063 5060
4 5064 5060
4 5065 5053
1 5066 3775
1 5067 3775
4 5068 5067
1 5069 5055
1 5069 5070
4 5069 5068
1 5070 3775
4 5071 5068
4 5071 5072
4 5072 5037
4 5073 5067
4 5074 3775
4 5075 3775
1 5076 3766
1 5077 3776
1 5078 3776
4 5079 3778
1 5080 5079
1 5081 3459
4 5081 3778
4 5082 3778
4 5083 5084
4 5084 3778
4 5085 5084
4 5086 3780
4 5087 5086
4 5088 3780
4 5089 5086
4 5090 3780
4 5091 3780
1 5092 5091
1 5093 5091
1 5094 5091
4 5095 3780
1 5096 3785
1 5096 3784
1 5097 3785
1 5097 3784
1 5098 3787
1 5099 3787
4 5100 3787
1 5101 4836
1 5102 4836
1 5103 4836
4 5104 3787
4 5105 3787
1 5106 5105
1 5107 5105
4 5108 3787
1 5109 3790
1 5110 3790
4 5111 3790
1 5112 5111
1 5113 5111
4 5114 3790
4 5115 3791
4 5116 3791
4 5117 3797
1 5118 5117
4 5119 3794
1 5120 3798
1 5121 3798
4 5122 3794
4 5123 3799
1 5124 5123
1 5125 3504
4 5125 3799
4 5126 3799
4 5127 3803
4 5128 3801
4 5129 3801
4 5130 3810
4 5131 3810
1 5132 5131
1 5133 5131
4 5134 3810
4 5135 3813
4 5136 3813
4 5137 5138
4 5138 3813
4 5139 3816
1 5140 3817
1 5141 3817
4 5142 3818
4 5143 3819
4 5144 3819
4 5145 3814
1 5146 5147
4 5146 3820
4 5147 3496
1 5148 3443
1 5148 5146
1 5149 5148
1 5150 5148
1 5151 3434
1 5151 3971
1 5151 5146
1 5151 5152
4 5152 5147
1 5153 5151
1 5154 3896
4 5154 5153
1 5155 3437
4 5155 5153
1 5156 5151
1 5157 3896
1 5157 5151
1 5158 5151
1 5159 4698
4 5159 3820
1 5160 5161
4 5160 3820
4 5161 3496
4 5162 5160
4 5163 3820
1 5164 5163
1 5165 5163
1 5166 5167
4 5166 5168
1 5167 4698
4 5167 3821
4 5168 3826
1 5169 5167
4 5169 3828
4 5170 3829
4 5171 3830
4 5172 3831
4 5173 5172
4 5174 5172
4 5175 3831
1 5176 5175
1 5177 5175
4 5178 3831
1 5179 5147
4 5179 3821
4 5180 3832
4 5181 5180
4 5182 5180
4 5183 3832
1 5184 5183
1 5185 5183
4 5186 3832
1 5187 3838
1 5188 3838
1 5189 3838
1 5190 3838
4 5191 3746
4 5192 3746
1 5193 5192
4 5194 3496
1 5195 5194
4 5196 5195
4 5197 5195
1 5198 5195
1 5199 5195
4 5200 5194
4 5201 5194
1 5202 5194
4 5203 5202
1 5204 5194
1 5205 5204
4 5206 5204
4 5207 5204
1 5208 5204
4 5209 5147
4 5210 5209
4 5211 5209
1 5212 5152
4 5212 5213
4 5213 3840
4 5214 5215
4 5215 5147
4 5216 5147
4 5217 3496
4 5218 5217
4 5219 5217
4 5220 3496
1 5221 5220
1 5222 5220
4 5223 3841
4 5223 5213
1 5224 5223
4 5225 5224
4 5226 5224
1 5227 5212
1 5227 5223
1 5228 5223
1 5229 5223
4 5230 5229
1 5231 4852
4 5231 3841
1 5232 5233
4 5232 3841
4 5233 3840
4 5234 3842
4 5235 3842
1 5236 3843
4 5237 3843
4 5238 3843
1 5239 5227
1 5239 5238
4 5240 3843
4 5241 3843
1 5242 3843
4 5243 3844
4 5244 3845
4 5245 3846
1 5246 5147
4 5246 3846
4 5246 5213
1 5247 5248
1 5248 5246
4 5249 5247
4 5250 5247
1 5251 3434
1 5251 3971
1 5251 5212
1 5251 5246
1 5252 5248
1 5253 5248
4 5254 5253
1 5255 4852
4 5255 3846
1 5256 5222
1 5256 5233
4 5256 3846
1 5257 5147
4 5257 3847
1 5258 4696
1 5258 4988
4 5258 3847
1 5259 3391
1 5260 3392
1 5261 3392
4 5262 3399
4 5263 3400
4 5264 3400
1 5265 5264
4 5266 3412
1 5267 5268
4 5267 3419
4 5268 3406
1 5269 5270
4 5269 3419
4 5270 3406
1 5271 5268
4 5271 3420
1 5272 5270
4 5272 3420
4 5273 3892
4 5274 3430
4 5275 3430
1 5276 3434
1 5277 3434
1 5278 3896
1 5279 3896
4 5280 3451
1 5281 5280
1 5282 5280
1 5283 5280
1 5284 5280
1 5285 5280
1 5286 5287
1 5287 3509
1 5288 5287
1 5289 3509
1 5290 5287
1 5291 5287
1 5292 3518
1 5292 5221
4 5292 3314
1 5293 3476
4 5293 3601
1 5294 3384
1 5295 3384
1 5296 5297
1 5297 3384
1 5298 3384
1 5299 3384
1 5300 3384
1 5301 3384
1 5302 3384
1 5303 3384
1 5304 3384
1 5305 3384
1 5306 3384
1 5307 3384
1 5308 5307
1 5309 5308
1 5310 5308
1 5311 5307
1 5312 5307
1 5313 3384
1 5314 3384
1 5315 5314
1 5316 5297
1 5317 3384
1 5318 3384
1 5319 3384
1 5320 3384
1 5321 3384
1 5322 3384
1 5323 3384
1 5324 3384
1 5325 3384
1 5326 3384
1 5327 3384
1 5328 3384
1 5329 3384
1 5330 3384
1 5331 3384
1 5332 3384
1 5333 5332
1 5334 3384
1 5335 5334
1 5336 5334
1 5337 5334
1 5338 5334
1 5339 5334
1 5340 5334
1 5341 3384
1 5342 3384
1 5343 3384
1 5344 3384
1 5345 3384
1 5346 5345
1 5347 5345
1 5348 5345
1 5349 5345
1 5350 3384
1 5351 3384
1 5352 3384
1 5353 5352
1 5354 5352
1 5355 5352
1 5356 3384
1 5357 3384
1 5358 3384
1 5359 3384
1 5360 3384
1 5361 3384
1 5362 3384
1 5363 3384
1 5364 3384
1 5365 3384
1 5366 3384
1 5367 3384
1 5368 3384
1 5369 3384
1 5370 3384
1 5371 3384
1 5372 3384
1 5373 3384
1 5374 3384
1 5375 3384
1 5376 3384
1 5377 3384
1 5378 3384
1 5379 5378
1 5380 3384
1 5381 3384
1 5382 3384
1 5383 5382
1 5384 5382
1 5385 3384
1 5386 3384
1 5387 3384
1 5388 3384
1 5389 3384
1 5390 3384
1 5391 3384
1 5392 3384
1 5393 5392
1 5394 5392
1 5395 3384
1 5396 3384
1 5397 3384
1 5398 3384
1 5399 3384
1 5400 3384
1 5401 5297
1 5402 3384
1 5403 3384
1 5404 3384
1 5405 3384
1 5406 3384
1 5407 3384
1 5408 5407
1 5409 3384
1 5410 3384
1 5411 5410
1 5412 3384
1 5413 3384
1 5414 3384
1 5414 5415
1 5415 5045
1 5416 5414
1 5417 5414
1 5418 3384
1 5419 3384
1 5420 3384
1 5421 5420
1 5422 5420
1 5423 3384
1 5424 3384
1 5425 3384
1 5426 5425
1 5427 5425
1 5428 3384
1 5429 3384
1 5430 3384
1 5431 3384
1 5432 3384
1 5433 3384
1 5434 3384
1 5435 5295
1 5436 5295
1 5437 3384
1 5438 5437
1 5439 5437
1 5440 3384
1 5441 5440
1 5442 3384
1 5443 3384
1 5444 3384
1 5445 3384
1 5446 3384
1 5447 3384
1 5448 3384
1 5449 5448
1 5450 3384
1 5451 3384
1 5452 3384
1 5453 3384
1 5454 3384
1 5455 3384
1 5456 3384
1 5457 3384
1 5458 5457
1 5459 5457
1 5460 3388
1 5461 3388
1 5462 3388
1 5463 3388
1 5464 3388
1 5465 3388
1 5466 3388
1 5467 3388
1 5468 3388
1 5469 3388
1 5470 3388
1 5471 3388
1 5472 3388
1 5473 5472
1 5474 5472
1 5475 3388
1 5476 5475
1 5477 3388
1 5478 3388
1 5479 3388
1 5480 3388
1 5481 3388
1 5482 3388
1 5483 3388
1 5484 5485
1 5485 3388
1 5486 3388
1 5487 3388
1 5488 3388
1 5489 3388
1 5490 3388
1 5491 3388
1 5492 3388
1 5493 3388
1 5494 3388
1 5495 3388
1 5496 5495
1 5497 5495
1 5498 3388
1 5499 5498
1 5500 3388
1 5501 5500
1 5502 5500
1 5503 5500
1 5504 5500
1 5505 5500
1 5506 5500
1 5507 5500
1 5508 3388
1 5509 3388
1 5510 3388
1 5511 3388
1 5512 5485
1 5513 5485
1 5514 5485
1 5515 5485
1 5516 3388
1 5517 3388
1 5518 3388
1 5519 3388
1 5520 5519
1 5521 5519
1 5522 5519
1 5523 3388
1 5524 3388
1 5525 3388
1 5526 3388
1 5527 5526
1 5528 5526
1 5529 3388
1 5530 3388
1 5531 3388
1 5532 5531
1 5533 5531
1 5534 5531
1 5535 3388
1 5536 3388
1 5537 3388
1 5538 3388
1 5539 3388
1 5540 3388
1 5541 3388
1 5542 3388
1 5543 3388
1 5544 3388
1 5545 3388
1 5546 3388
1 5547 3388
1 5548 3388
1 5549 5550
1 5550 3388
1 5551 3388
1 5552 3388
1 5553 3388
1 5554 3388
1 5555 5554
1 5556 5554
1 5557 3388
1 5558 3388
1 5559 3388
1 5560 3388
1 5561 3388
1 5562 3388
1 5563 3388
1 5564 3388
1 5565 3388
1 5566 3388
1 5567 5566
1 5568 5566
1 5569 3388
1 5570 3388
1 5571 5570
1 5572 3388
1 5573 3388
1 5574 3388
1 5575 3388
1 5576 3388
1 5577 3388
1 5578 3388
1 5579 5578
1 5580 5578
1 5581 3388
1 5582 3388
1 5583 5582
1 5584 5582
1 5585 3388
1 5586 3388
1 5586 5587
1 5587 5045
1 5588 5586
1 5589 5586
1 5590 3388
1 5591 3388
1 5592 5550
1 5593 5550
1 5594 3388
1 5595 5594
1 5596 5594
1 5597 3388
1 5598 3388
1 5599 3388
1 5600 3388
1 5601 3388
1 5602 3388
1 5603 5604
1 5604 3388
1 5605 3388
1 5606 3388
1 5607 5606
1 5608 3388
1 5609 5608
1 5610 3388
1 5611 3388
1 5612 3388
1 5613 5612
1 5614 5612
1 5615 3388
1 5616 3388
1 5617 5616
1 5618 5616
1 5619 5616
1 5620 3388
1 5621 5620
1 5622 5620
1 5623 3388
1 5624 3388
1 5625 3388
1 5626 3388
1 5627 3388
1 5628 3388
1 5629 3388
1 5630 3388
1 5631 3388
1 5632 3388
1 5633 3388
1 5634 3388
1 5635 3388
1 5636 3388
1 5637 3388
1 5638 3388
1 5639 3388
1 5640 5604
1 5641 3518
1 5642 3518
1 5643 3518
1 5644 3518
1 5645 3518
1 5646 3518
1 5647 3518
1 5648 3518
1 5649 3518
1 5650 3518
1 5651 3518
1 5652 3518
1 5653 3518
1 5654 5653
1 5655 5653
1 5656 3518
1 5657 3518
1 5658 3518
1 5659 3518
1 5660 3518
1 5661 3518
1 5662 3518
1 5663 3518
1 5664 3518
1 5665 3518
1 5666 3518
1 5667 3518
1 5668 3518
1 5669 3518
1 5670 3518
1 5671 3518
1 5672 3518
1 5673 3518
1 5674 3518
1 5675 3518
1 5676 3518
1 5677 3518
1 5678 5677
1 5679 5677
1 5680 3518
1 5681 3518
1 5682 3518
1 5683 3518
1 5684 3518
1 5685 3518
1 5686 3518
1 5687 3518
1 5688 3518
1 5689 5688
1 5690 5688
1 5691 3518
1 5692 3518
1 5693 3518
1 5694 3518
1 5695 5694
1 5696 3518
1 5697 3518
1 5698 3518
1 5699 3518
1 5700 5699
1 5701 5699
1 5702 3518
1 5703 5702
1 5704 5702
1 5705 3518
1 5706 3518
1 5707 3518
1 5708 3518
1 5709 3518
1 5710 3518
1 5711 3518
1 5712 3518
1 5713 3518
1 5714 3518
1 5715 3518
1 5716 3518
1 5717 3518
1 5718 3518
1 5719 3518
1 5720 3518
1 5721 3518
1 5722 3518
1 5723 3518
1 5724 3518
1 5725 3518
1 5726 3518
1 5727 3518
1 5728 5729
1 5729 3518
1 5730 5729
1 5731 3518
1 5732 3518
1 5733 5734
1 5734 3518
1 5735 5734
1 5736 3518
1 5737 3518
1 5738 3518
1 5739 3518
1 5740 3518
1 5741 3518
1 5742 3518
1 5743 3518
1 5744 3518
1 5745 3518
1 5746 3518
1 5747 3518
1 5748 3518
1 5749 3518
1 5750 3518
1 5751 3518
1 5752 3518
1 5753 3518
1 5754 3518
1 5755 3518
1 5756 3518
1 5757 3518
1 5758 3518
1 5759 3518
1 5760 3518
1 5761 3518
1 5762 3518
1 5763 3518
1 5764 3518
1 5765 3518
1 5766 3518
1 5767 3518
1 5768 3518
1 5769 5770
1 5770 3518
1 5771 5770
1 5772 3518
1 5773 3518
1 5774 3518
1 5775 3518
1 5776 3518
1 5777 3518
1 5778 3518
1 5779 3518
1 5780 3518
4 5781 5782
4 5781 3495
4 5782 3734
4 5783 4835
4 5784 3458
4 5785 3463
4 5786 3463
1 5787 5131
1 5788 3518
4 5789 3523
1 5790 3543
4 5790 3555
4 5791 3324
1 5792 5791
1 5793 5792
4 5793 3518
1 5794 5791
4 5794 3519
1 5795 5792
4 5795 3408
1 5796 3499
1 5796 3645
1 5797 3503
1 5797 5796
1 5798 3384
1 5798 5799
4 5799 3394
1 5800 5798
1 5801 5798
1 5802 5798
1 5803 3380
4 5803 3821
1 5804 3621
1 5805 3637
4 5805 3638
1 5806 5307
4 5807 3783
4 5808 3799
4 5809 3330
1 5810 3443
4 5811 3632
1 5812 4506
4 5813 4679
4 5814 4679
4 5815 3601
4 5816 5782
4 5817 3601
4 5817 3609
4 5818 3839
4 5819 3839
4 5820 5089
4 5821 3780
4 5822 3780
4 5823 3780
4 5824 3765
4 5825 3765
4 5826 3765
4 5827 3763
4 5828 3763
1 5829 5410
4 5830 3371
4 5831 5830
1 5832 3372
1 5833 3372
1 5834 5833
1 5835 5833
1 5836 5833
1 5837 5833
1 5838 3372
1 5839 3372
1 5840 5839
1 5841 3372
1 5842 5841
1 5843 5841
1 5844 5841
1 5845 5841
1 5846 5845
1 5847 5845
1 5848 5841
1 5849 3372
1 5850 3372
1 5851 5850
4 5852 5851
4 5853 5852
4 5854 5852
4 5855 5852
1 5856 3372
1 5857 5856
1 5858 5856
1 5859 3372
1 5860 3372
1 5861 3372
1 5862 3372
1 5863 5862
1 5864 5862
1 5865 5862
1 5866 3372
1 5867 5866
1 5868 5866
1 5869 3372
4 5869 3742
1 5870 5869
1 5871 5869
1 5872 5869
4 5872 4986
1 5873 3372
1 5874 3372
1 5875 3880
1 5876 3880
1 5877 3880
1 5878 3880
1 5879 5834
1 5880 5834
1 5881 3518
4 5882 4722
4 5883 4722
1 5884 4991
1 5885 4991
4 5886 3885
4 5887 3885
4 5887 3883
1 5888 3384
1 5889 5446
1 5890 5446
4 5891 3421
1 5892 4193
4 5892 3563
1 5893 5415
4 5893 3774
4 5894 5893
4 5894 5059
4 5895 5893
1 5896 5415
4 5896 3770
1 5897 5896
1 5898 5896
1 5899 5415
4 5899 3774
1 5900 5044
1 5901 5900
4 5901 5038
1 5902 5900
4 5902 3770
1 5903 5587
4 5903 3770
1 5904 5903
1 5905 5903
1 5906 5587
1 5907 5906
4 5907 5037
1 5908 5906
4 5908 5038
1 5909 3769
4 5909 5037
1 5910 3769
4 5910 5038
1 5911 3769
4 5911 3770
1 5912 3769
4 5913 3774
4 5913 5914
4 5913 5059
4 5914 5915
4 5915 3766
4 5916 5069
4 5916 5058
4 5916 5054
4 5917 5047
4 5918 5041
4 5918 5914
4 5919 5041
4 5920 3770
4 5920 5915
1 5921 3775
1 5921 5054
4 5922 5061
4 5923 5061
1 5924 5061
1 5924 5070
4 5924 5073
4 5924 5925
4 5925 5926
4 5926 5038
4 5927 5069
4 5927 5054
4 5928 3772
4 5928 5915
4 5929 5915
4 5930 5929
4 5930 5037
4 5931 5038
4 5931 5929
4 5932 5915
4 5933 5072
4 5933 5067
4 5934 5073
4 5934 5935
4 5934 5072
4 5935 5936
4 5936 5038
4 5937 5069
4 5937 5935
4 5937 5925
4 5938 3772
4 5939 3772
4 5940 3766
1 5941 3778
4 5942 5943
4 5942 5941
4 5943 3778
4 5944 5941
4 5945 5943
4 5945 3807
4 5946 3807
4 5947 3807
4 5948 5947
4 5949 5947
4 5950 3807
4 5951 3778
4 5952 3779
4 5953 3776
4 5954 3776
4 5955 3776
4 5956 3776
4 5957 3776
4 5958 5957
4 5959 5957
4 5960 3776
4 5961 5021
4 5962 5014
4 5962 3752
4 5963 5014
4 5963 5015
4 5964 5022
4 5964 5023
4 5965 5022
4 5965 5024
4 5966 5021
4 5967 5966
4 5967 5023
4 5968 5966
4 5968 5024
4 5969 5828
4 5969 5015
4 5970 3765
4 5970 5015
4 5971 3491
4 5972 4125
4 5973 4132
4 5974 3492
4 5975 3492
4 5976 3468
4 5977 3465
4 5978 3465
1 5979 4973
1 5980 4973
4 5981 4942
4 5982 4994
4 5983 4995
4 5984 4926
4 5984 5985
4 5985 4906
4 5986 5985
4 5986 4916
4 5987 4917
1 5988 4966
4 5988 4964
1 5989 4966
4 5989 4969
1 5990 4966
4 5990 4968
1 5991 4963
1 5992 4963
4 5993 3323
4 5994 3323
4 5995 5994
4 5996 5994
4 5997 5994
4 5998 5994
4 5999 5994
4 6000 5994
4 6001 4281
4 6002 3817
4 6003 3347
4 6004 3316
4 6005 3316
1 6006 3541
4 6007 3542
4 6008 4943
4 6009 3813
4 6010 3820
4 6011 6010
4 6012 3772
4 6013 3795
4 6014 6013
4 6015 6013
4 6016 3795
4 6017 3796
4 6018 3796
4 6019 3799
4 6020 3426
1 6021 4403
1 6022 5790
1 6022 4430
1 6023 4430
1 6024 6022
1 6025 6022
1 6026 6022
1 6027 3542
1 6028 3542
4 6029 4283
4 6030 4283
4 6031 4283
4 6032 4489
4 6033 4496
1 6034 4490
1 6035 4490
4 6036 4399
1 6037 3518
