2767 5513 1
3512 10021 1
491 5436 1
645 7859 1
2801 4921 1
2579 8907 1
1499 7301 1
1305 5483 1
2533 8829 1
167 4931 1
1418 7207 1
3468 6434 1
3199 8315 1
2543 8754 1
3104 7603 1
3588 8787 1
2420 5668 1
1329 7147 1
3410 9872 1
2827 9173 1
1773 7682 1
2310 8568 1
1263 7050 1
1927 7922 1
835 6541 1
1215 6911 1
2090 8150 1
3552 10059 1
2457 5696 1
3086 6005 1
757 8171 1
2251 8455 1
2296 8510 1
337 5169 1
2201 8330 1
1117 6771 1
804 6194 1
2904 9363 1
1120 6774 1
1937 7940 1
2584 7949 1
2685 4861 1
1644 7505 1
2517 8818 1
20 3755 1
3486 9974 1
2318 8576 1
3364 9828 1
3693 10205 1
1831 7799 1
770 6174 1
2763 8084 1
3213 9467 1
2571 8894 1
3392 9856 1
3282 9541 1
1575 7391 1
1044 5858 1
889 6298 1
3689 10202 1
2880 9337 1
2564 8881 1
3463 9957 1
2039 8108 1
1012 6633 1
682 5973 1
2596 8936 1
3679 10197 1
3431 10080 1
2037 7216 1
1609 6349 1
2789 9139 1
2216 8343 1
3402 9866 1
2228 8438 1
3543 10052 1
1427 5203 1
1843 7812 1
1045 6684 1
3629 10151 1
1100 6731 1
3513 5836 1
3251 8342 1
3116 5331 1
3696 4898 1
2271 4985 1
2084 8144 1
2300 7217 1
290 5132 1
2997 9449 1
2768 9115 1
1871 9475 1
3564 9361 1
3473 9963 1
572 5816 1
760 8921 1
1949 4946 1
1333 7384 1
199 5006 1
174 4945 1
1509 9566 1
2309 8567 1
426 5336 1
1171 6838 1
3520 10031 1
3597 10095 1
1504 7308 1
2190 6311 1
946 10145 1
2321 8579 1
1284 7083 1
2295 8509 1
3268 9527 1
801 8224 1
865 3997 1
3321 6647 1
2035 6724 1
465 5397 1
1389 10139 1
1894 3854 1
2439 8707 1
299 5143 1
291 9965 1
2902 9360 1
2475 7607 1
3061 6310 1
1386 9934 1
2668 4699 1
2782 5172 1
2344 5008 1
476 4434 1
1139 4124 1
3686 10199 1
2820 9166 1
518 7649 1
1113 6764 1
1877 3935 1
613 8640 1
971 6534 1
2345 7187 1
1076 6137 1
913 6405 1
1997 7194 1
2342 8629 1
531 5497 1
1889 7857 1
2513 8811 1
1837 7804 1
3587 10087 1
1370 5982 1
83 3999 1
3363 9827 1
438 5351 1
1953 7956 1
1265 7110 1
1002 6622 1
2170 8270 1
1368 5993 1
1590 7419 1
2932 9382 1
1872 7844 1
3171 5348 1
191 4992 1
2093 8153 1
1354 7166 1
1744 5808 1
1042 6676 1
283 5908 1
2232 8441 1
1706 7600 1
3340 9804 1
3489 9990 1
2983 9439 1
1729 4991 1
2381 7269 1
2572 4865 1
1599 7449 1
2046 8115 1
131 4422 1
2154 8242 1
1058 6699 1
408 4113 1
3665 10190 1
1960 7962 1
688 5985 1
1296 4865 1
2001 9441 1
512 4660 1
1874 7843 1
869 6270 1
3294 9562 1
2757 10180 1
3284 3990 1
118 5038 1
3054 6186 1
987 6565 1
3447 6823 1
2307 6682 1
1972 7988 1
312 6190 1
1797 7709 1
993 5979 1
2838 9569 1
1703 7431 1
1397 7181 1
1372 6426 1
1301 7113 1
2986 9443 1
3262 9135 1
2488 8785 1
2235 8917 1
392 4259 1
3216 5994 1
2678 9015 1
3073 8950 1
2772 9118 1
2687 9882 1
1369 5980 1
1507 9298 1
3312 9776 1
2938 9397 1
3533 10039 1
2284 8502 1
1083 6718 1
1216 6907 1
840 6236 1
2836 9199 1
2825 9171 1
1772 7681 1
1857 7824 1
2928 6706 1
2050 8119 1
732 6099 1
1332 9493 1
194 5002 1
3078 6703 1
2400 5692 1
1982 4866 1
2021 6001 1
3167 9289 1
3485 9983 1
462 3771 1
3309 9774 1
2394 7184 1
2103 7109 1
1686 7567 1
2020 8081 1
2114 8182 1
373 5221 1
3140 7326 1
1769 7774 1
1882 7091 1
3101 7459 1
1775 7684 1
1545 7364 1
1314 7141 1
2741 9089 1
2702 9049 1
2169 8269 1
1733 5896 1
2660 8993 1
126 10197 1
149 5998 1
3030 3798 1
1615 7467 1
785 5328 1
2082 8143 1
1953 10012 1
234 7214 1
3021 5011 1
3409 7226 1
3384 9848 1
2447 8712 1
1366 7174 1
112 4216 1
3251 7291 1
3569 10066 1
3149 8395 1
3067 6463 1
2731 9077 1
2038 8107 1
1658 7424 1
1357 7169 1
2946 9408 1
1331 9492 1
2851 5906 1
1180 6845 1
3266 8768 1
2823 9169 1
1345 5831 1
1855 7822 1
229 9941 1
2593 8934 1
260 5083 1
106 4158 1
3575 10173 1
3661 10185 1
272 5117 1
2721 6924 1
1420 7208 1
3566 10065 1
1835 7802 1
1592 7433 1
955 6476 1
2152 7592 1
3429 10077 1
2473 8768 1
768 4571 1
479 5430 1
2974 3770 1
2465 8756 1
1903 6185 1
746 5666 1
1114 4869 1
1478 7283 1
1322 5683 1
2133 8202 1
1946 7452 1
1591 8774 1
3396 9860 1
3003 9453 1
1597 7441 1
2434 8704 1
462 3956 1
2097 8159 1
1748 9053 1
2443 8708 1
3051 6187 1
2585 8920 1
3675 10194 1
3628 10150 1
2809 9477 1
1376 6462 1
3267 9526 1
2303 7443 1
1862 7828 1
3077 6699 1
2441 7230 1
1053 6692 1
2312 8570 1
1274 5835 1
607 5855 1
2720 9067 1
1037 6670 1
3594 10093 1
1531 7337 1
266 5114 1
2508 4897 1
3420 9879 1
3663 10063 1
1148 6810 1
3493 9996 1
3445 9920 1
3462 9937 1
2022 6000 1
3081 6922 1
1459 7258 1
2065 8132 1
764 6155 1
588 5864 1
278 5123 1
3677 8485 1
1774 7683 1
1455 7257 1
2239 8448 1
3224 3867 1
1733 5837 1
3370 9836 1
3341 9805 1
3395 9859 1
3038 5479 1
2042 8110 1
1193 6866 1
1199 5612 1
3510 10017 1
3099 7460 1
3544 9451 1
1585 7438 1
2959 6117 1
3583 6559 1
2107 6306 1
3347 6002 1
1935 7938 1
2655 8576 1
1187 3950 1
855 6251 1
2237 7388 1
406 5312 1
3200 10040 1
1732 7645 1
2175 8273 1
3389 9852 1
1197 6872 1
2628 8960 1
1623 7476 1
2047 8116 1
2958 7170 1
1124 9053 1
2235 7400 1
2600 9462 1
3618 10135 1
2351 6351 1
773 8266 1
2968 8312 1
3085 4925 1
3509 10016 1
3685 7775 1
2112 4699 1
3190 9912 1
130 8742 1
1649 5905 1
733 9912 1
2200 4186 1
2859 9303 1
3647 10175 1
1257 4975 1
1982 4865 1
2654 8988 1
2297 8511 1
3163 9048 1
2650 5307 1
3107 7850 1
3476 4105 1
2744 9091 1
1384 8916 1
2828 9176 1
2145 7317 1
2379 5101 1
200 4009 1
3266 9521 1
3595 10037 1
2343 4343 1
969 6532 1
1930 7933 1
1802 7762 1
246 5100 1
2052 8121 1
3042 5983 1
1980 8016 1
2372 6715 1
1671 7540 1
2544 8838 1
3168 6943 1
2456 8739 1
3678 5182 1
3293 7854 1
2673 9013 1
1989 8026 1
1753 7664 1
2891 9355 1
715 7269 1
1056 6697 1
1760 7675 1
2272 8487 1
2909 9364 1
2770 9117 1
975 7596 1
2931 6482 1
2261 9987 1
3136 8555 1
1435 8743 1
973 6537 1
1839 7806 1
1635 7501 1
1651 7514 1
2705 9052 1
2487 8784 1
1537 7341 1
3484 9982 1
3057 6223 1
2180 8280 1
3148 7189 1
3383 9847 1
2769 9116 1
731 3996 1
2944 8486 1
3523 5828 1
140 10072 1
3246 8053 1
1725 7633 1
2602 8943 1
3684 10187 1
2008 8067 1
1243 10029 1
1344 7492 1
2157 8245 1
2074 8142 1
2451 8720 1
3098 7418 1
734 6188 1
2045 8114 1
3092 7258 1
2637 8973 1
656 7955 1
2803 4916 1
3113 10012 1
1895 4085 1
525 8080 1
1792 7701 1
1529 7328 1
879 6281 1
2716 9062 1
2483 10010 1
1097 8093 1
1848 7818 1
2542 8837 1
2290 4774 1
511 5507 1
3650 6925 1
2850 6689 1
1535 7339 1
1479 9816 1
1746 8056 1
1279 7078 1
3296 9565 1
2305 8563 1
1323 10153 1
603 5485 1
1493 7297 1
2240 6816 1
346 5179 1
3049 6136 1
891 6315 1
3016 8987 1
3358 9818 1
3642 10170 1
1724 7632 1
3695 10208 1
49 3837 1
2590 7993 1
3284 9542 1
542 5506 1
3280 9537 1
3437 5357 1
3673 8482 1
637 10118 1
2064 9571 1
1306 7138 1
2473 9521 1
3258 9487 1
758 8311 1
2387 3847 1
791 7215 1
1639 7504 1
2466 8760 1
365 5004 1
1261 7030 1
1823 7755 1
1158 5684 1
3159 8989 1
3694 10207 1
1538 7342 1
629 5357 1
1085 6719 1
3222 9333 1
2662 8995 1
1542 6224 1
2399 4568 1
3192 8467 1
2680 6794 1
1424 8964 1
2534 8830 1
445 5364 1
662 6470 1
2378 7457 1
2765 9114 1
1280 7079 1
2432 6041 1
684 5308 1
3327 9796 1
2718 9064 1
3653 8565 1
2036 8109 1
521 9311 1
3075 7494 1
2922 8276 1
1739 7653 1
3219 9476 1
2494 8395 1
3507 10011 1
3622 6679 1
1532 7336 1
3306 9770 1
883 5088 1
1217 6908 1
2867 9318 1
3478 4584 1
2120 8196 1
1652 7516 1
2370 7536 1
1188 3787 1
1433 7222 1
1536 7340 1
162 4927 1
639 5911 1
1589 7417 1
1991 5769 1
1995 8036 1
2893 4279 1
3457 9931 1
2686 9401 1
3667 10191 1
3634 10161 1
1620 7471 1
152 4828 1
1186 6853 1
3497 10002 1
1049 5907 1
2286 8505 1
2138 8206 1
2062 8139 1
1891 7591 1
2815 9162 1
3097 7368 1
3581 7420 1
2207 8336 1
2266 4096 1
1944 7946 1
736 6102 1
3649 6927 1
1221 6928 1
2098 8160 1
2568 8888 1
2479 8775 1
3386 9850 1
1960 7378 1
1673 10028 1
1178 6844 1
712 6012 1
2892 7657 1
2299 8551 1
151 4179 1
3656 10181 1
1177 9294 1
584 5862 1
2821 9167 1
3158 6911 1
3004 8841 1
3377 9842 1
776 5219 1
3609 10112 1
1984 7599 1
2167 5714 1
1838 7805 1
3223 4754 1
1807 7761 1
1539 7345 1
2527 8826 1
3548 10056 1
2219 8079 1
1380 7436 1
3159 6908 1
3403 9867 1
1801 8446 1
847 7351 1
2701 9048 1
372 5220 1
1030 6715 1
1969 8811 1
1711 4613 1
3011 9461 1
3050 5118 1
717 7594 1
3299 9576 1
1039 6671 1
1634 6348 1
2925 9967 1
1755 4973 1
3051 6129 1
1898 3856 1
3600 10102 1
644 5918 1
1865 7834 1
285 5127 1
2572 4866 1
3032 3995 1
2540 7405 1
2896 9371 1
2395 8652 1
2530 8122 1
3688 10201 1
3469 9961 1
1437 7225 1
442 4512 1
1650 7235 1
2733 9079 1
700 6007 1
2863 9305 1
1102 10027 1
3150 8808 1
3139 10014 1
1215 8990 1
1637 7502 1
1377 6660 1
2237 7597 1
2254 8573 1
2549 5549 1
1967 5805 1
2897 10020 1
2537 7833 1
3530 10036 1
3188 9863 1
859 9325 1
3391 9855 1
1421 7209 1
2991 7624 1
432 5344 1
3000 9450 1
3477 9969 1
3120 6474 1
2706 6778 1
2267 8476 1
3031 5363 1
2324 8583 1
3155 8917 1
478 5425 1
119 5038 1
1166 6822 1
559 5804 1
1463 7273 1
1981 8017 1
3651 4029 1
1358 7171 1
3393 9857 1
1013 7454 1
2334 8603 1
429 9350 1
2336 7777 1
2277 8497 1
388 5272 1
2111 7509 1
1241 6940 1
1267 4807 1
2710 9024 1
2427 5824 1
2352 8627 1
2790 4149 1
3387 7327 1
2234 8443 1
2227 8437 1
1866 9552 1
625 9152 1
3652 4988 1
3542 10051 1
1777 7688 1
2608 6294 1
596 5869 1
2122 5118 1
3554 10062 1
1194 6702 1
1249 9425 1
2658 6716 1
909 6401 1
1574 7386 1
3005 9454 1
2952 9411 1
1109 6175 1
2670 9324 1
483 5434 1
775 6176 1
1902 7877 1
3453 9929 1
1130 7926 1
1819 7772 1
2982 9440 1
3519 10030 1
3356 9815 1
1900 10085 1
1681 7564 1
3110 7921 1
493 5438 1
3572 8642 1
1965 7967 1
941 6465 1
750 6187 1
3242 7261 1
3222 4753 1
965 6491 1
1998 4425 1
3475 6342 1
3641 4689 1
2096 8158 1
2894 9357 1
870 6271 1
1765 7677 1
1153 6813 1
2106 8135 1
2378 7458 1
3260 9464 1
1498 6894 1
2895 8225 1
2288 8981 1
3278 9535 1
3585 9581 1
3274 6346 1
1439 7858 1
237 5086 1
2287 4773 1
3226 3852 1
2491 8792 1
261 3798 1
1040 6118 1
2508 8807 1
3591 10090 1
633 6536 1
2399 7629 1
1495 7296 1
1704 9915 1
3487 9988 1
2242 8451 1
1019 6635 1
1994 8035 1
344 5178 1
2311 8569 1
2957 9413 1
2125 8199 1
1631 7190 1
1206 6893 1
1671 7539 1
2160 8247 1
1653 7520 1
575 3773 1
2509 9113 1
2015 8077 1
2040 8495 1
1628 4009 1
579 3788 1
1034 6665 1
2392 8649 1
2601 8942 1
2580 8910 1
3118 7509 1
1541 7350 1
3212 7847 1
2063 8130 1
2213 8341 1
2716 6923 1
2245 6942 1
3417 7496 1
901 6344 1
1596 7440 1
1745 8222 1
1237 6937 1
931 6440 1
2796 9145 1
1003 6184 1
3639 10166 1
902 6345 1
2795 9147 1
2280 7235 1
3176 7624 1
169 4932 1
2472 8766 1
882 5300 1
2591 8932 1
3235 7058 1
887 6297 1
1945 7947 1
3608 10111 1
2148 8215 1
2129 4114 1
2737 6939 1
2102 8162 1
1404 3839 1
2664 6650 1
3407 9870 1
2089 5544 1
1648 7513 1
2159 8246 1
2621 8954 1
3680 6284 1
751 6130 1
362 6520 1
2507 8867 1
2355 3845 1
546 5790 1
3682 6725 1
3412 5900 1
624 9014 1
665 6101 1
1586 6352 1
2562 7606 1
933 6464 1
2062 8128 1
1494 7298 1
500 5443 1
3326 9793 1
3371 10105 1
1849 7819 1
1814 7770 1
91 4011 1
1578 7395 1
1185 6850 1
1422 7210 1
2302 8555 1
605 10167 1
1296 4866 1
1320 5323 1
1705 3942 1
723 6016 1
1184 6848 1
830 6542 1
733 5358 1
3598 7387 1
1761 7674 1
2760 7291 1
2818 5208 1
2656 8991 1
2797 9149 1
3308 9773 1
3579 6837 1
3435 9909 1
315 5108 1
3131 8454 1
258 5104 1
2176 8274 1
1656 4863 1
1300 7112 1
3095 7325 1
2808 8148 1
2184 8288 1
805 7322 1
2279 7233 1
3516 9575 1
882 6285 1
1295 4006 1
2481 8776 1
1719 9338 1
51 3857 1
2019 8080 1
2947 6537 1
452 5380 1
1067 8919 1
2712 9059 1
1346 5863 1
2421 8120 1
1278 7077 1
1685 6255 1
2760 8342 1
3303 7069 1
2252 8339 1
1324 10162 1
443 5363 1
1604 7453 1
3607 10110 1
2574 8900 1
867 4137 1
1410 4117 1
1569 6428 1
1983 8019 1
2932 9380 1
3014 7497 1
1736 7648 1
877 6479 1
2736 9083 1
1477 9019 1
979 6539 1
2506 8801 1
2461 8752 1
724 5793 1
2401 8656 1
2547 8834 1
1107 6734 1
3425 9886 1
311 10157 1
1461 7268 1
3565 10064 1
1633 7009 1
1088 6720 1
1961 7964 1
3415 5170 1
3301 9579 1
116 5036 1
1786 7618 1
1674 7545 1
868 4147 1
2215 5174 1
1716 7615 1
872 6269 1
1942 7944 1
1485 10018 1
985 6561 1
614 5837 1
3617 10134 1
2866 9317 1
523 8788 1
2338 9320 1
2316 8575 1
154 3841 1
3323 7125 1
2641 4437 1
1847 7816 1
2495 8796 1
2369 8643 1
3508 5224 1
1080 6714 1
1141 6792 1
2868 9319 1
499 5442 1
2267 9954 1
694 5987 1
1464 7275 1
2262 8465 1
1884 7856 1
456 4572 1
2108 5217 1
1718 7619 1
609 3863 1
2253 8456 1
2076 8164 1
2241 8450 1
1265 7059 1
2209 9806 1
1379 7186 1
705 6336 1
2862 5345 1
2248 8453 1
376 5223 1
2191 8323 1
2886 9349 1
601 5856 1
3538 10046 1
3281 9538 1
1593 7434 1
3198 10016 1
3300 9578 1
1602 7450 1
2970 5798 1
917 6423 1
2950 9410 1
3406 9869 1
3683 9577 1
2743 9090 1
2750 9098 1
866 6268 1
2673 4728 1
2603 8944 1
2690 9031 1
3206 7267 1
374 5222 1
2458 8744 1
2883 9346 1
2071 8138 1
3170 5349 1
2695 9037 1
3528 5827 1
2735 9082 1
2987 4983 1
3330 9799 1
2726 9071 1
3339 9803 1
1375 6429 1
506 5444 1
2289 9036 1
3671 7973 1
709 6011 1
3350 7461 1
2511 8809 1
2696 9038 1
1490 7292 1
1282 7080 1
2017 6612 1
397 5211 1
1095 6728 1
2156 8244 1
1439 8839 1
3590 10089 1
3551 7570 1
3261 9512 1
903 8922 1
1060 6700 1
3287 7160 1
2890 9353 1
1079 6713 1
3423 9884 1
1771 3993 1
763 6143 1
1868 7835 1
1543 6341 1
3343 9807 1
1906 7879 1
2901 9348 1
492 5437 1
850 6407 1
1023 6656 1
1413 7201 1
3654 10177 1
2665 8123 1
3117 8172 1
1293 7104 1
3344 9809 1
3127 6311 1
525 5480 1
788 6734 1
2025 4270 1
1723 4574 1
2553 8867 1
2428 8696 1
124 4415 1
386 3998 1
936 6463 1
1327 7011 1
2949 9409 1
1900 7874 1
3175 4983 1
1326 7143 1
3437 9910 1
3286 9546 1
126 4416 1
1137 6788 1
171 5861 1
630 10043 1
309 3859 1
3122 5808 1
1488 6307 1
2105 8166 1
2975 9438 1
352 5181 1
2009 8068 1
762 8250 1
598 5871 1
2031 8103 1
2426 6568 1
849 6244 1
2407 5868 1
1926 6617 1
3230 4085 1
3173 5766 1
1985 9998 1
3324 4140 1
2722 9068 1
3398 9863 1
647 3881 1
632 10168 1
2651 8983 1
730 6090 1
470 5398 1
3668 10193 1
2659 8992 1
1891 6257 1
3633 6892 1
508 4668 1
2010 8069 1
2343 8630 1
524 8789 1
1330 9491 1
2482 8777 1
550 5795 1
2912 9370 1
229 5040 1
2229 8439 1
920 6430 1
365 4999 1
2281 8499 1
3118 8173 1
1328 4274 1
646 7861 1
3388 9843 1
3643 10171 1
1168 6825 1
2332 8590 1
2539 8833 1
3660 10184 1
3563 8988 1
642 5914 1
932 6461 1
415 5320 1
1336 7151 1
2505 8800 1
3380 9845 1
1015 8440 1
2374 5770 1
416 5322 1
1621 7473 1
3568 9340 1
295 5138 1
1390 7178 1
2468 8762 1
1402 7189 1
1873 7842 1
1735 7646 1
1051 7882 1
1776 7686 1
3134 8508 1
510 8728 1
3318 9781 1
3319 9786 1
3378 7525 1
3606 8308 1
1401 7185 1
2218 8430 1
1556 9131 1
2408 7326 1
3160 6911 1
1577 7393 1
1603 6654 1
3135 8551 1
1666 7529 1
2604 9465 1
2073 8141 1
2129 7251 1
519 5463 1
176 4956 1
2185 4926 1
1720 7620 1
2402 8001 1
1978 8004 1
3672 8481 1
2550 8855 1
163 5415 1
3452 9928 1
1211 9935 1
3190 5358 1
3128 8341 1
3271 9531 1
3456 9930 1
3640 4540 1
3478 5252 1
3604 5317 1
3444 4826 1
1705 7359 1
2719 9065 1
3532 10040 1
2816 9163 1
245 5094 1
3449 8023 1
3215 9468 1
2552 8930 1
2000 8052 1
203 5011 1
2376 8096 1
2989 9442 1
3517 10024 1
2801 4920 1
547 5792 1
407 5316 1
2589 8929 1
1335 8117 1
2913 9372 1
2362 5101 1
1214 6913 1
477 5424 1
3687 6445 1
1629 4001 1
1222 6929 1
698 8564 1
3055 5593 1
893 6309 1
3169 6689 1
1283 7081 1
3491 9991 1
2356 8645 1
828 4271 1
1264 4988 1
2649 9455 1
534 5498 1
2704 9051 1
2121 8197 1
982 6549 1
2041 8105 1
2684 4664 1
3155 7400 1
1751 7663 1
1661 7524 1
2653 4929 1
2583 8915 1
2301 8552 1
1660 7523 1
2942 9405 1
136 4428 1
1053 6693 1
3408 9871 1
160 4924 1
480 3865 1
1954 7958 1
976 7853 1
2168 5361 1
1808 7768 1
841 5429 1
3222 9478 1
863 6266 1
3263 9514 1
2377 9507 1
2608 6726 1
1728 7644 1
1836 6814 1
2124 6508 1
2470 4410 1
2382 6885 1
2776 9124 1
811 5484 1
695 5983 1
2246 8452 1
2888 9351 1
2088 8146 1
33 3785 1
3404 9868 1
1687 7568 1
2294 8508 1
2967 5798 1
2865 4909 1
1691 7573 1
2221 8432 1
1758 7670 1
3655 10178 1
156 4851 1
1829 7779 1
1830 7781 1
3181 9575 1
2787 9136 1
514 5343 1
725 4870 1
1947 7948 1
1664 7527 1
1256 6005 1
1420 8834 1
3482 9980 1
836 8719 1
2049 8118 1
3536 10043 1
3152 4866 1
3479 9970 1
800 6192 1
1610 7462 1
979 6540 1
1468 7280 1
3079 3858 1
996 6254 1
3314 9778 1
800 6193 1
2331 5262 1
2619 8953 1
1727 4201 1
2745 9092 1
1959 7961 1
3659 6397 1
2635 8972 1
1632 8094 1
2761 9785 1
2104 8165 1
3248 9485 1
2864 9309 1
1198 6874 1
497 5441 1
1009 8950 1
2092 8152 1
3096 7353 1
3546 8610 1
2677 9014 1
2210 9806 1
2353 5821 1
1078 6712 1
710 5990 1
928 6436 1
2223 8433 1
3592 10091 1
2563 8880 1
393 5301 1
324 5139 1
1630 6059 1
2551 8865 1
2109 8168 1
1052 9986 1
1010 6631 1
858 9321 1
1444 6558 1
2328 8586 1
1933 7936 1
230 9942 1
1214 6913 1
3066 7496 1
3442 6681 1
3048 9884 1
3474 9968 1
3525 5830 1
1428 7218 1
3068 10145 1
1715 7614 1
693 5992 1
2671 9009 1
94 4107 1
1362 9299 1
785 5593 1
1312 7140 1
1846 7814 1
3621 10144 1
2189 8310 1
1218 6918 1
2758 5797 1
1400 7183 1
2048 5865 1
3505 8449 1
2500 5025 1
3142 8743 1
1725 7382 1
649 4553 1
1717 7617 1
2573 8899 1
3361 9824 1
2783 9132 1
3596 10094 1
3227 5093 1
3421 9880 1
2910 9365 1
3461 5778 1
1999 8051 1
832 6543 1
1773 6674 1
3371 9837 1
2317 8939 1
3194 9964 1
2198 8328 1
1309 6484 1
2538 9862 1
2766 9923 1
3055 5328 1
3076 6470 1
1709 7602 1
2143 8212 1
1804 7763 1
1394 5514 1
2657 7199 1
2249 8454 1
3325 9792 1
3549 5832 1
277 5122 1
3541 10050 1
1405 9944 1
1227 6931 1
473 5423 1
1004 8985 1
2413 8679 1
3083 6933 1
1226 6930 1
1936 7939 1
3129 8435 1
918 6424 1
3662 10186 1
2007 5670 1
2054 8646 1
363 6522 1
781 6183 1
3390 9853 1
1382 8683 1
1319 5321 1
1041 6673 1
2278 8498 1
2423 5335 1
270 5119 1
1170 6836 1
2694 7090 1
2623 5741 1
863 7329 1
423 5330 1
592 5867 1
2778 9127 1
2337 9494 1
2360 9506 1
2463 8750 1
2937 9398 1
2565 8882 1
1531 7336 1
509 4673 1
3602 10107 1
2255 8457 1
3603 10108 1
3365 7595 1
1347 4868 1
1451 5110 1
1191 4974 1
2822 5209 1
945 6466 1
2835 9198 1
2347 4316 1
1447 4721 1
2126 9381 1
2083 4906 1
2594 8935 1
3561 8147 1
2990 9444 1
2666 8998 1
516 6408 1
807 6202 1
3342 9808 1
1105 6733 1
2118 8194 1
1752 7317 1
1138 6789 1
357 5201 1
1302 7114 1
2631 5010 1
428 5338 1
1551 7373 1
3604 4113 1
3204 6473 1
915 6419 1
2652 8285 1
1827 7758 1
3211 7590 1
2059 8124 1
3158 8990 1
1147 6809 1
3658 10179 1
3547 8611 1
2996 9448 1
2230 7621 1
3601 10106 1
1854 7821 1
111 9958 1
1558 5120 1
2806 8148 1
1976 7994 1
554 5796 1
3495 8636 1
2275 6873 1
1125 4138 1
947 8266 1
1486 7289 1
2561 10179 1
1001 4721 1
2885 9356 1
2173 8020 1
3433 9907 1
1273 3759 1
1925 7921 1
2703 9050 1
3059 5087 1
1695 5467 1
2587 6705 1
1431 7220 1
916 6421 1
1471 7284 1
1879 7850 1
2956 4040 1
2226 8436 1
2464 8755 1
3091 7256 1
2433 8703 1
3289 6938 1
2314 8571 1
1308 7139 1
2308 8566 1
2480 7374 1
366 3789 1
2798 9151 1
2319 8572 1
697 9787 1
1487 5644 1
3189 7226 1
3585 4922 1
927 6435 1
1175 6839 1
3012 7972 1
929 6437 1
897 5563 1
2162 8248 1
2142 8210 1
2144 4714 1
2647 3804 1
1845 7830 1
1406 7196 1
1099 6729 1
2555 10000 1
2403 9956 1
2906 9368 1
628 9411 1
1453 7255 1
2762 9923 1
2845 9136 1
107 4122 1
2672 4730 1
2545 9374 1
2516 6008 1
3632 10160 1
1749 7662 1
57 3877 1
1098 9496 1
2754 9096 1
1607 7459 1
1918 7641 1
3147 8784 1
1151 9851 1
3292 9553 1
2515 8816 1
1553 7375 1
2640 8975 1
1850 6714 1
1337 4677 1
874 6275 1
966 8926 1
1988 8025 1
2755 9102 1
708 6010 1
3578 5792 1
381 4116 1
3500 10006 1
890 6299 1
2005 8066 1
3483 9981 1
3399 9864 1
2933 7460 1
1550 5360 1
3612 4426 1
1150 6815 1
188 4972 1
3438 8467 1
3298 9572 1
3210 5466 1
455 7629 1
1317 5064 1
3074 6633 1
2486 8391 1
3571 10076 1
2202 8283 1
1275 7073 1
463 5396 1
1219 6922 1
1033 6664 1
1690 7572 1
289 5131 1
2887 7656 1
2349 8626 1
786 5999 1
539 5501 1
466 7596 1
2350 7010 1
2268 3810 1
146 8987 1
3182 9775 1
2467 8761 1
498 6337 1
3217 9473 1
741 6116 1
3535 10042 1
3574 10084 1
2489 8786 1
2436 3884 1
341 5177 1
2373 7193 1
2536 7608 1
2899 9358 1
912 5592 1
2412 5694 1
2398 8654 1
3589 10088 1
2394 7184 1
815 6207 1
3305 9769 1
544 5512 1
1068 6707 1
1155 6815 1
1491 7293 1
3441 9916 1
2693 8602 1
1821 7773 1
507 5445 1
3203 6066 1
2135 8204 1
1248 6959 1
1142 6921 1
2003 8063 1
1996 3931 1
1143 6920 1
3283 9540 1
2111 8173 1
2610 8949 1
959 6459 1
2367 8195 1
3353 9812 1
3659 10183 1
2691 8377 1
1510 9997 1
1269 7068 1
100 4108 1
3152 4865 1
1828 7759 1
2313 5185 1
3481 9972 1
3674 8483 1
121 8030 1
1702 7587 1
1203 6890 1
3450 9925 1
1385 9310 1
3046 5987 1
1258 6288 1
1341 3939 1
3270 9528 1
2032 8104 1
1570 7385 1
2921 6320 1
3646 10172 1
2667 8999 1
3244 7604 1
1794 7595 1
407 5314 1
427 5337 1
2792 9144 1
3240 7260 1
1091 6727 1
3087 7073 1
972 6535 1
3115 3993 1
520 4210 1
3307 9771 1
1274 3764 1
3209 5465 1
980 8835 1
2582 8913 1
1764 7676 1
2794 7627 1
1917 7902 1
3692 10204 1
783 6186 1
1957 8198 1
3436 9817 1
3247 8169 1
1108 6739 1
2396 8653 1
740 6115 1
962 6490 1
3366 9831 1
2715 9061 1
3297 9567 1
3440 9914 1
142 5655 1
1667 7534 1
963 4109 1
2095 8157 1
615 6128 1
577 5508 1
1918 7907 1
1950 4947 1
1772 7680 1
1579 7396 1
2086 8129 1
418 8494 1
1532 7337 1
3082 6928 1
1496 7299 1
3375 5157 1
159 4863 1
2012 5673 1
533 5491 1
526 5482 1
1678 9784 1
2081 8601 1
1046 6195 1
1514 8986 1
1797 8767 1
1371 5984 1
2643 8978 1
2558 8873 1
3368 9834 1
1355 7167 1
2431 3862 1
2713 5665 1
124 4414 1
2359 8095 1
654 5912 1
1342 3947 1
3637 5306 1
1832 9084 1
2212 8340 1
1943 7945 1
3156 7949 1
1190 6857 1
378 5225 1
1908 7886 1
1676 8759 1
3234 7082 1
2077 10019 1
863 9820 1
2151 9978 1
2422 8685 1
2518 8819 1
1533 7338 1
3143 8673 1
2419 8678 1
3002 9452 1
2924 9396 1
1554 7379 1
2708 5509 1
2224 8434 1
2683 9021 1
1288 7089 1
262 5106 1
881 4640 1
2945 9407 1
501 4059 1
2171 8271 1
3106 7842 1
543 5464 1
1458 7257 1
576 5835 1
3310 7314 1
565 5724 1
1557 10140 1
2973 7623 1
582 5857 1
1548 7368 1
3279 9536 1
984 6561 1
2492 8790 1
2638 5508 1
838 7530 1
3259 4976 1
3264 9515 1
2401 4122 1
561 5807 1
2320 8577 1
3539 10047 1
96 6875 1
1179 4957 1
475 5915 1
2805 8148 1
2605 8946 1
1861 7827 1
2225 8435 1
2746 9093 1
2681 8029 1
1072 6711 1
1036 6669 1
1780 7690 1
2972 9445 1
3576 4863 1
1426 7213 1
1837 7803 1
2498 10058 1
3064 6419 1
1981 7678 1
3313 9777 1
1208 6906 1
2437 4041 1
3663 7278 1
1246 6475 1
3518 9551 1
943 7437 1
2861 5348 1
714 6013 1
2029 8102 1
2371 5823 1
780 6181 1
364 5206 1
330 5167 1
1680 7566 1
727 6089 1
1457 7256 1
1979 6891 1
369 5215 1
1778 7689 1
2478 8773 1
2783 6142 1
1503 5057 1
1169 10147 1
1794 9830 1
3225 4110 1
3254 3853 1
2759 7290 1
2725 9070 1
2409 10013 1
1826 7757 1
1867 6925 1
754 4469 1
1582 7399 1
1860 7826 1
1782 7692 1
2158 6960 1
3376 9840 1
1014 6685 1
3160 8990 1
2730 9076 1
2697 9039 1
2826 8226 1
44 7972 1
2998 7472 1
884 6294 1
1923 7916 1
1262 7044 1
2675 9172 1
2285 8503 1
513 4097 1
1975 7992 1
370 5216 1
686 5997 1
1924 7920 1
3316 9780 1
1791 7700 1
1082 6717 1
2975 9437 1
2014 7495 1
3162 9020 1
3180 9572 1
2554 8927 1
2824 9170 1
3044 5992 1
3555 3855 1
3494 8637 1
2068 6680 1
2581 8911 1
1922 7915 1
231 5081 1
3113 7956 1
3201 10039 1
2764 9113 1
2293 8507 1
3373 9839 1
2029 7710 1
2348 8100 1
1387 10026 1
2749 9097 1
1321 6127 1
1157 6818 1
1028 7494 1
2149 8218 1
1689 7571 1
2410 8672 1
2389 8648 1
1530 6945 1
1825 7756 1
2812 9158 1
1303 6069 1
2404 8657 1
2756 9103 1
3161 6715 1
127 8015 1
2322 8582 1
147 7589 1
958 8082 1
1159 6819 1
2087 5254 1
2100 8154 1
2166 8268 1
2567 8886 1
3614 5829 1
1299 4010 1
1987 5715 1
2804 9472 1
2742 7276 1
2740 9087 1
771 7630 1
1182 4959 1
2327 8585 1
2915 9159 1
1781 7691 1
1460 6198 1
2869 9041 1
3322 5639 1
1452 5110 1
1408 7197 1
2495 8793 1
857 9821 1
930 5427 1
2450 8718 1
1938 7941 1
3385 9849 1
2612 5872 1
3480 6716 1
1427 5202 1
1911 7889 1
1920 7909 1
2155 8243 1
3501 10004 1
3534 10041 1
3072 7767 1
2013 8075 1
3093 7323 1
1912 7894 1
1921 7910 1
923 6432 1
298 5142 1
1436 7224 1
1304 9790 1
2858 9302 1
1788 7697 1
914 6406 1
2799 9152 1
744 6126 1
2497 8799 1
3599 10101 1
1915 7899 1
2484 8779 1
761 9973 1
2547 7208 1
154 6886 1
2577 6474 1
989 5342 1
1952 7957 1
1783 7695 1
3422 9881 1
535 5121 1
1200 6884 1
620 6731 1
2928 6272 1
987 6564 1
1626 7490 1
1552 8840 1
2995 9447 1
2917 6431 1
1785 9783 1
1383 8827 1
3179 5916 1
69 7004 1
2903 9362 1
2477 8772 1
3416 9874 1
1859 10182 1
1803 7765 1
2644 8979 1
3088 4006 1
1353 7165 1
1824 7754 1
3690 6447 1
1255 7006 1
1559 7380 1
63 3891 1
32 3784 1
1916 7900 1
2939 9392 1
829 6541 1
2476 8771 1
2199 8329 1
1006 6628 1
1795 7705 1
2802 4921 1
1905 7878 1
3625 10148 1
2738 9066 1
2994 9446 1
3691 10203 1
3126 7612 1
3367 9832 1
1919 7908 1
133 4424 1
3272 4989 1
2429 5347 1
1600 9322 1
612 5895 1
1121 6777 1
2889 9352 1
1899 7873 1
2900 9359 1
1542 7351 1
3540 10049 1
682 8106 1
1958 9936 1
2204 8331 1
769 4577 1
2968 6747 1
2791 9143 1
2222 7808 1
661 6469 1
1598 8562 1
691 6485 1
1149 6811 1
3349 9509 1
1031 6885 1
1522 7324 1
2006 7937 1
1657 9529 1
1955 7959 1
1057 6698 1
178 4966 1
1851 7820 1
1962 7965 1
1680 7563 1
1149 6851 1
2793 7616 1
1294 3762 1
3443 9917 1
155 3796 1
2525 8825 1
322 5160 1
793 6698 1
1055 6694 1
1762 8314 1
3550 10048 1
2432 8701 1
1914 7898 1
3428 6791 1
3374 4949 1
2393 8650 1
2541 8836 1
1655 9945 1
1189 8131 1
1462 7270 1
2918 9865 1
2244 8496 1
2340 8608 1
1425 7212 1
1432 7221 1
3664 10188 1
1941 7943 1
2023 8083 1
1813 7769 1
748 6128 1
3630 9574 1
2780 9128 1
1883 7855 1
3506 10009 1
3137 6011 1
1373 6427 1
1349 7162 1
1964 4972 1
3471 9962 1
1948 7950 1
2962 5766 1
1210 9218 1
189 4980 1
2469 7687 1
1441 6491 1
2204 8333 1
2113 8181 1
3529 7111 1
2361 3844 1
1800 6696 1
1968 4278 1
2752 9100 1
2629 8962 1
2929 9379 1
3317 6661 1
2137 8205 1
125 4048 1
574 5834 1
113 4217 1
1501 7302 1
3439 9911 1
3631 10156 1
1913 7896 1
1446 7232 1
2955 6944 1
2181 8286 1
720 6014 1
2781 9130 1
912 6403 1
1403 7464 1
750 6129 1
994 7102 1
2070 8137 1
2905 9367 1
3496 5782 1
3526 9304 1
3285 4539 1
2557 8872 1
284 5481 1
854 6249 1
3582 4923 1
2971 9436 1
3676 8484 1
1087 5331 1
2333 8591 1
168 4919 1
2633 8967 1
2298 8550 1
3451 7846 1
988 9174 1
2231 7621 1
2679 4005 1
563 4723 1
1692 7569 1
2698 9040 1
1412 4119 1
458 5381 1
2587 9479 1
2357 7191 1
1337 7152 1
342 9919 1
3635 10157 1
2941 9400 1
888 5859 1
1492 7294 1
334 5168 1
2630 8963 1
1011 7954 1
3616 8337 1
3144 8677 1
876 6277 1
944 5996 1
1189 6855 1
1647 7508 1
1506 7318 1
2182 8287 1
3492 9992 1
3434 9908 1
1252 7003 1
3328 9797 1
640 5913 1
2926 5499 1
70 7005 1
3119 8199 1
2723 9069 1
2907 9369 1
2969 9435 1
2438 4948 1
2018 8440 1
3360 9822 1
1340 7155 1
3610 10117 1
3277 9534 1
1665 7528 1
1909 7887 1
2238 8447 1
1417 7206 1
2411 8673 1
339 5175 1
2445 8710 1
925 6433 1
3611 5183 1
2829 9178 1
1627 7493 1
3427 5775 1
2795 9147 1
3553 10061 1
2914 9354 1
743 8952 1
600 9339 1
2532 4819 1
301 5082 1
2774 9119 1
2165 8267 1
2510 8810 1
3100 6349 1
292 5135 1
2140 4482 1
2936 9394 1
3531 10038 1
738 6114 1
3352 9811 1
899 6336 1
191 4990 1
313 8698 1
3178 9530 1
2626 5740 1
2923 9376 1
3511 10192 1
1992 7234 1
2195 9577 1
1876 7845 1
1790 7699 1
1026 6015 1
1354 9943 1
1291 5376 1
71 4925 1
767 4567 1
1584 7404 1
2646 8980 1
2639 8974 1
1119 6772 1
1767 7678 1
107 8656 1
3302 3940 1
2872 9328 1
2044 8112 1
2115 8183 1
1414 7204 1
892 5916 1
2270 8588 1
833 6223 1
2788 9138 1
3459 9823 1
685 5976 1
1388 10113 1
3488 9989 1
143 6651 1
2627 5655 1
3123 9978 1
3218 5012 1
2636 7098 1
2747 9094 1
699 6006 1
325 5164 1
701 6009 1
2852 9298 1
1176 5819 1
181 4968 1
3379 9844 1
3069 6542 1
1316 4074 1
985 6563 1
3165 9133 1
3006 9455 1
853 6248 1
2101 8155 1
1022 6208 1
26 3780 1
2729 6854 1
401 5310 1
586 7435 1
2607 8947 1
779 3795 1
2789 8337 1
2259 8459 1
2813 8406 1
696 6004 1
287 5128 1
2091 8151 1
2131 8200 1
2389 8647 1
472 5422 1
2566 8883 1
2559 10152 1
1901 7875 1
1787 6404 1
2548 8845 1
2044 7330 1
2256 8578 1
1806 7766 1
2418 8677 1
2700 9047 1
429 5340 1
1622 7474 1
2634 8968 1
2674 5202 1
2099 8161 1
2593 8933 1
952 6467 1
2514 8812 1
3545 10053 1
406 7144 1
2265 8468 1
538 5500 1
672 8984 1
1898 3854 1
1304 9789 1
1218 6919 1
2033 7376 1
3666 5468 1
977 5504 1
3047 9965 1
2512 6343 1
2986 7623 1
1394 8757 1
1842 7809 1
722 6704 1
3460 7544 1
1932 7935 1
908 6400 1
2390 4051 1
439 4508 1
1233 6935 1
52 3858 1
153 4832 1
1544 7365 1
3458 9932 1
2315 8574 1
1750 8214 1
1266 7060 1
2094 8156 1
2214 5688 1
3381 10146 1
2203 8332 1
2446 7535 1
2024 5818 1
2669 9002 1
2624 5740 1
3257 3860 1
2116 8184 1
3522 5828 1
1708 9463 1
115 8216 1
752 7288 1
114 4002 1
2961 5759 1
1581 7398 1
1523 7325 1
3426 5776 1
837 8719 1
1046 9788 1
1659 7522 1
2449 5720 1
2819 9165 1
1887 8938 1
1700 7574 1
2164 8252 1
1805 7764 1
230 4479 1
886 4934 1
3644 7277 1
2435 8705 1
489 5435 1
1688 8240 1
2110 5155 1
3094 6474 1
3351 10025 1
2188 9952 1
3250 8687 1
2219 8078 1
3624 7200 1
568 5724 1
3009 9456 1
3089 7815 1
1467 7279 1
2117 8185 1
2383 8964 1
2614 5007 1
1929 7932 1
3401 5199 1
2575 8901 1
2200 8684 1
1697 7331 1
2425 7439 1
3293 9561 1
610 4198 1
1235 6936 1
2777 9126 1
3346 6003 1
528 9045 1
2692 8376 1
2355 4578 1
2724 9073 1
1668 9499 1
2134 8203 1
1576 7392 1
3636 5817 1
2174 8272 1
3315 5176 1
900 6342 1
2576 8902 1
1064 6287 1
1990 8034 1
3320 9787 1
408 5317 1
2792 8686 1
1405 7195 1
268 5115 1
1932 7852 1
2276 6832 1
161 4915 1
2264 8466 1
2814 9160 1
548 10035 1
3411 9873 1
2034 7800 1
302 9081 1
59 3878 1
1940 4987 1
2606 8945 1
623 8287 1
905 6347 1
2839 9570 1
2456 8740 1
2911 9366 1
1071 6709 1
108 4127 1
1556 4935 1
2898 8220 1
1145 6807 1
3243 7371 1
2599 8941 1
2834 5756 1
622 7602 1
2072 8140 1
3524 5825 1
2714 9060 1
3273 5399 1
2682 9020 1
2943 9406 1
2632 8966 1
2980 8885 1
1594 7445 1
3647 4986 1
2004 8065 1
1392 7179 1
3372 9838 1
3138 3844 1
1128 6784 1
2060 8125 1
847 6224 1
3124 8272 1
759 8846 1
953 6468 1
2217 8429 1
1356 7168 1
3605 10109 1
3268 7584 1
1595 7446 1
1101 6732 1
2935 9393 1
3295 9564 1
2043 8111 1
2927 9181 1
3394 9858 1
62 6256 1
611 5894 1
1466 6507 1
1071 9344 1
1411 5632 1
3638 7267 1
1005 6626 1
1089 6675 1
3114 7957 1
1757 7667 1
1737 7647 1
745 4959 1
2306 5159 1
2192 4181 1
2141 9026 1
46 5134 1
3613 10119 1
3354 9813 1
1469 7283 1
864 6267 1
2570 8890 1
573 5451 1
1583 7402 1
2973 9443 1
2504 4512 1
2873 9329 1
2132 8201 1
417 5327 1
1822 4184 1
2375 7192 1
2748 9095 1
1640 7503 1
2877 6926 1
3365 9830 1
3177 9467 1
3620 10141 1
269 5105 1
3348 8097 1
3008 8961 1
2882 9345 1
3276 9533 1
1480 7287 1
3056 5851 1
3331 7595 1
2085 8145 1
3245 7609 1
3036 5435 1
1614 4338 1
1669 6478 1
1886 8749 1
1146 6808 1
2785 9134 1
2831 9196 1
2150 8223 1
1817 7771 1
978 6538 1
2452 8722 1
2857 9300 1
2069 8136 1
1956 7960 1
2066 8133 1
3500 10007 1
2406 8667 1
1734 4724 1
2233 8442 1
2597 9016 1
1712 7605 1
1430 7219 1
1505 7316 1
2444 7559 1
2075 8163 1
2163 8249 1
3197 10011 1
976 10086 1
2366 8878 1
304 5154 1
856 6252 1
1587 5820 1
1000 6620 1
2405 9466 1
2830 9180 1
1230 6934 1
1948 7952 1
3329 9798 1
1840 7807 1
3584 9913 1
1612 7463 1
2908 8113 1
3184 9162 1
2685 4859 1
1217 8989 1
354 5186 1
1710 6912 1
3537 10044 1
3109 6185 1
3376 9841 1
2663 6650 1
735 6100 1
3090 7255 1
2442 3758 1
3442 5158 1
3573 8641 1
12 8741 1
2661 8994 1
436 7383 1
2979 8168 1
1364 9975 1
3382 9846 1
2734 9080 1
2999 6651 1
1893 7869 1
1192 9961 1
2172 7598 1
2252 7377 1
2930 6483 1
1713 7607 1
3015 4009 1
1738 8213 1
1271 3765 1
2257 5137 1
2002 8207 1
3255 10200 1
1784 9959 1
1714 3864 1
3304 3934 1
2784 9133 1
967 6511 1
3615 5395 1
1763 9573 1
3446 4933 1
1624 7477 1
1127 4862 1
1272 3774 1
1240 6939 1
3418 4430 1
3141 10013 1
2424 7295 1
2407 8670 1
3033 5397 1
1416 7205 1
3132 9168 1
3205 10169 1
1325 8714 1
2751 9099 1
2728 9075 1
3432 6388 1
3275 9532 1
1338 5629 1
1770 7679 1
3359 10158 1
521 9782 1
3010 9460 1
578 3788 1
2934 8335 1
2876 9335 1
2067 8134 1
2741 8042 1
3515 8315 1
2397 7862 1
2732 9078 1
2522 8824 1
2139 8207 1
1350 7163 1
1796 7706 1
2817 9164 1
399 5307 1
884 6726 1
380 5238 1
2471 3991 1
1286 3778 1
2802 4920 1
1670 4601 1
1682 7565 1
3290 8769 1
2501 5025 1
3231 5319 1
3648 10174 1
3355 9814 1
3472 9964 1
1140 4128 1
3448 9922 1
2620 8955 1
3357 6672 1
1450 10014 1
1207 6905 1
797 6189 1
1328 5313 1
2243 7942 1
2205 8334 1
1007 7767 1
265 5113 1
2939 9385 1
1443 7815 1
455 4568 1
201 5009 1
1966 4331 1
243 5092 1
629 9910 1
3145 5915 1
2940 9399 1
2197 6748 1
3187 9855 1
681 5249 1
3430 7634 1
