1 1 20
2 2 36
2 2 39
1 2 14
2 3 34
1 3 12
1 4 12
1 6 13
1 7 11
2 8 30
2 8 31
2 8 33
2 8 35
2 8 37
2 8 38
1 9 3
1 10 14
1 11 12
1 12 13
2 13 32
2 13 35
1 18 13
1 19 4
1 20 13
1 22 12
1 23 12
1 24 15
1 25 15
1 26 11
1 27 10
1 28 2
1 29 2
3 1 2
3 2 1
4 2 1
4 1 2
5 1 3
5 3 1
6 3 1
6 1 3
7 4 5
7 5 4
8 5 4
8 4 5
9 4 6
9 6 4
10 6 4
10 4 6
11 1 4
11 4 1
12 4 1
12 1 4
13 2 4
13 4 2
14 4 2
14 2 4
15 7 2
15 2 7
16 2 7
16 7 2
17 8 1
17 1 8
18 1 8
18 8 1
19 1 8
19 8 1
20 8 1
20 1 8
21 9 10
21 10 9
22 1 8
22 8 1
23 8 1
23 1 8
24 1 8
24 8 1
25 8 1
25 1 8
26 8 1
26 1 8
27 1 8
27 8 1
28 2 11
28 11 2
29 11 2
29 2 11
30 2 5
30 5 2
31 8 12
31 12 8
32 12 8
32 8 12
33 13 14
33 14 13
34 2 15
34 15 2
35 16 3
35 3 16
36 3 16
36 16 3
37 2 17
37 17 2
38 11 2
38 2 11
38 18 2
38 2 18
38 4 2
38 2 4
39 8 1
39 1 8
40 1 8
40 8 1
41 2 19
41 19 2
42 2 4
42 4 2
43 4 2
43 2 4
44 1 2
44 2 1
45 2 1
45 1 2
46 8 1
46 1 8
47 1 8
47 8 1
48 1 3
48 3 1
49 11 2
49 2 11
50 4 10
50 10 4
51 10 4
51 4 10
2 89 160
2 89 161
2 89 162
2 89 163
2 89 164
2 89 165
2 90 151
1 90 121
2 91 152
2 92 150
2 93 156
1 94 95
2 95 155
2 95 157
2 95 158
2 95 159
2 96 149
1 97 122
1 98 116
1 100 101
1 101 95
1 102 101
1 103 99
2 104 152
2 104 153
2 104 154
2 105 152
1 106 108
1 107 96
1 108 129
1 109 99
2 110 152
1 111 95
1 112 130
1 113 116
1 114 131
1 115 99
1 116 96
1 117 110
1 118 110
1 119 110
2 120 148
1 120 96
2 121 152
1 122 95
1 123 95
1 124 122
1 125 122
1 126 123
1 127 106
1 128 106
1 129 116
1 130 129
1 131 130
1 132 98
1 133 125
1 134 125
1 135 96
1 136 96
1 137 127
1 138 96
1 139 95
1 141 142
1 142 144
1 143 142
1 144 139
1 145 96
52 89 90
52 90 89
53 90 89
53 89 90
54 91 92
54 92 91
55 93 94
55 94 93
55 92 94
55 94 92
56 94 93
56 93 94
56 94 92
56 92 94
57 95 96
57 96 95
58 96 95
58 95 96
59 97 98
59 98 97
60 98 97
60 97 98
61 99 100
61 100 99
62 99 101
62 101 99
63 100 99
63 99 100
64 101 99
64 99 101
65 99 102
65 102 99
66 102 99
66 99 102
67 90 99
67 99 90
68 99 90
68 90 99
69 90 103
69 103 90
70 103 90
70 90 103
71 104 105
71 105 104
72 105 104
72 104 105
73 106 107
73 107 106
74 107 106
74 106 107
75 108 93
75 93 108
76 93 108
76 108 93
77 90 109
77 109 90
78 109 90
78 90 109
79 92 108
79 108 92
79 92 91
79 91 92
80 108 92
80 92 108
80 91 92
80 92 91
81 110 111
81 111 110
82 111 110
82 110 111
83 110 91
83 91 110
84 91 110
84 110 91
85 112 114
85 114 112
85 113 114
85 114 113
85 98 114
85 114 98
86 114 112
86 112 114
86 114 113
86 113 114
86 114 98
86 98 114
87 90 115
87 115 90
88 115 90
88 90 115
89 90 116
89 116 90
90 116 90
90 90 116
91 90 110
91 110 90
92 110 90
92 90 110
93 90 117
93 117 90
94 90 118
94 118 90
95 90 119
95 119 90
96 94 94
96 94 94
97 94 94
97 94 94
