18 100 1
29 112 1
13 95 1
14 96 1
28 114 1
2 116 1
10 107 1
8 121 1
16 103 1
11 125 1
17 91 1
32 155 1
7 134 1
21 92 1
5 103 0
13 131 0
14 147 0
19 155 0
24 96 0
29 105 0
37 137 0
11 141 0
22 101 0
13 152 0
7 112 0
11 114 0
4 112 0
16 147 0
17 100 0
32 144 0
33 149 0
26 97 0
29 113 0
26 160 0
10 99 0
24 148 0
9 164 0
5 151 0
28 141 0
10 90 0
39 99 0
10 121 0
30 155 0
26 109 0
9 103 0
39 90 0
4 155 0
2 117 0
21 95 0
8 118 0
38 100 0
37 108 0
22 138 0
12 128 0
31 156 0
11 154 0
15 116 0
32 129 0
15 111 0
1 95 0
14 139 0
26 110 0
33 162 0
13 144 0
26 89 0
3 137 0
15 91 0
28 154 0
25 151 0
17 102 0
18 138 0
26 157 0
14 125 0
26 147 0
2 164 0
27 131 0
32 104 0
8 123 0
35 129 0
39 162 0
5 124 0
21 112 0
6 127 0
10 133 0
32 150 0
2 103 0
33 153 0
36 102 0
25 158 0
25 122 0
39 133 0
13 129 0
36 152 0
16 116 0
24 93 0
1 112 0
9 107 0
10 141 0
21 155 0
3 108 0
35 104 0
15 117 0
24 132 0
19 126 0
32 105 0
33 145 0
23 127 0
34 131 0
16 91 0
11 138 0
7 161 0
29 125 0
9 124 0
1 155 0
25 98 0
13 104 0
13 150 0
6 135 0
31 128 0
26 139 0
25 140 0
27 144 0
30 126 0
12 131 0
5 99 0
23 94 0
4 126 0
10 154 0
23 106 0
5 121 0
15 164 0
6 93 0
13 105 0
25 130 0
19 142 0
2 107 0
35 113 0
23 135 0
8 156 0
15 103 0
33 101 0
2 124 0
34 144 0
25 119 0
29 164 0
9 99 0
9 90 0
38 97 0
9 121 0
7 120 0
36 129 0
30 142 0
39 101 0
7 96 0
24 137 0
4 120 0
17 146 0
25 143 0
4 96 0
17 110 0
19 118 0
27 104 0
27 150 0
7 148 0
35 116 0
36 104 0
29 151 0
37 102 0
27 160 0
21 126 0
4 148 0
35 111 0
38 146 0
37 152 0
10 138 0
14 98 0
38 110 0
39 138 0
5 141 0
27 109 0
32 125 0
15 107 0
29 158 0
1 126 0
24 108 0
2 99 0
27 92 0
27 105 0
29 122 0
5 114 0
22 127 0
30 118 0
31 131 0
2 90 0
2 121 0
38 157 0
16 136 0
9 133 0
19 123 0
34 150 0
38 147 0
6 137 0
15 124 0
34 160 0
8 128 0
24 165 0
14 130 0
20 142 0
27 89 0
34 109 0
14 115 0
21 120 0
9 141 0
36 113 0
34 92 0
21 96 0
34 105 0
18 127 0
5 154 0
9 114 0
13 125 0
20 94 0
29 124 0
22 106 0
35 117 0
30 123 0
14 163 0
20 106 0
29 140 0
4 123 0
1 142 0
12 97 0
16 107 0
3 102 0
12 160 0
22 135 0
3 152 0
23 134 0
6 108 0
7 93 0
21 148 0
34 89 0
12 109 0
14 143 0
12 92 0
12 105 0
33 161 0
7 132 0
18 94 0
20 118 0
34 157 0
17 116 0
4 132 0
9 154 0
22 93 0
34 147 0
15 99 0
18 106 0
26 136 0
17 111 0
11 127 0
37 129 0
15 90 0
15 121 0
6 159 0
18 135 0
35 164 0
2 141 0
39 161 0
29 119 0
12 89 0
19 156 0
1 118 0
32 151 0
38 92 0
2 114 0
35 103 0
27 139 0
12 157 0
29 143 0
12 147 0
18 93 0
37 104 0
26 115 0
32 158 0
23 159 0
5 138 0
11 94 0
32 122 0
20 123 0
24 100 0
38 91 0
11 106 0
21 123 0
27 125 0
35 151 0
14 149 0
28 142 0
30 156 0
2 154 0
16 90 0
34 139 0
17 117 0
1 123 0
33 120 0
28 94 0
13 151 0
31 97 0
31 160 0
33 96 0
32 98 0
28 106 0
21 132 0
25 95 0
3 129 0
9 138 0
36 117 0
31 109 0
34 125 0
13 158 0
13 122 0
32 140 0
31 92 0
31 105 0
37 113 0
15 141 0
33 148 0
12 139 0
22 137 0
15 114 0
28 118 0
3 104 0
24 102 0
32 130 0
16 162 0
35 124 0
22 134 0
31 89 0
19 128 0
10 127 0
20 134 0
17 103 0
13 98 0
16 133 0
39 127 0
25 112 0
36 164 0
14 153 0
31 157 0
20 156 0
29 114 0
26 90 0
31 147 0
32 119 0
18 137 0
15 154 0
13 140 0
2 138 0
26 149 0
36 103 0
16 153 0
22 108 0
28 123 0
7 165 0
14 145 0
18 134 0
25 155 0
30 128 0
1 156 0
32 143 0
10 94 0
37 111 0
4 165 0
4 128 0
13 130 0
10 106 0
3 113 0
16 145 0
36 151 0
6 102 0
10 135 0
27 158 0
27 122 0
22 159 0
6 152 0
39 135 0
33 93 0
35 99 0
18 108 0
13 119 0
38 136 0
26 162 0
14 95 0
35 121 0
33 132 0
17 107 0
26 133 0
31 139 0
11 134 0
23 131 0
8 97 0
13 143 0
39 93 0
8 160 0
23 152 0
27 98 0
34 122 0
18 159 0
8 109 0
26 153 0
37 117 0
15 138 0
8 92 0
38 107 0
27 140 0
28 134 0
19 131 0
16 101 0
36 124 0
29 95 0
21 165 0
21 128 0
28 156 0
36 140 0
14 112 0
26 145 0
24 146 0
8 110 0
34 98 0
27 130 0
8 89 0
7 100 0
27 115 0
5 127 0
1 128 0
4 100 0
11 159 0
8 157 0
30 131 0
37 164 0
8 147 0
27 163 0
23 144 0
27 119 0
16 138 0
35 141 0
25 126 0
37 103 0
6 129 0
12 98 0
17 99 0
33 137 0
34 130 0
35 114 0
36 119 0
12 136 0
17 90 0
27 143 0
5 94 0
17 121 0
3 117 0
34 115 0
9 127 0
5 106 0
24 113 0
34 163 0
26 101 0
37 151 0
39 137 0
6 104 0
23 129 0
36 121 0
29 155 0
10 134 0
38 90 0
12 130 0
7 102 0
35 154 0
5 118 0
12 115 0
34 143 0
25 142 0
33 108 0
8 139 0
9 94 0
9 106 0
21 100 0
23 104 0
3 164 0
12 163 0
20 131 0
23 150 0
10 108 0
9 135 0
22 152 0
3 103 0
17 133 0
33 165 0
39 108 0
2 127 0
27 149 0
32 95 0
12 143 0
14 161 0
6 113 0
24 116 0
24 111 0
38 162 0
37 124 0
23 92 0
23 105 0
17 141 0
10 159 0
16 161 0
25 118 0
37 140 0
3 151 0
19 97 0
38 133 0
31 98 0
18 152 0
19 160 0
39 159 0
24 91 0
31 136 0
2 94 0
34 149 0
36 141 0
2 106 0
19 109 0
38 153 0
19 92 0
19 105 0
35 138 0
36 114 0
32 112 0
2 135 0
20 144 0
30 97 0
30 160 0
31 130 0
4 97 0
11 131 0
17 154 0
25 123 0
38 145 0
31 115 0
12 149 0
19 89 0
24 117 0
30 109 0
29 126 0
15 127 0
30 92 0
30 105 0
37 99 0
14 120 0
36 154 0
31 163 0
19 157 0
3 124 0
18 144 0
37 121 0
19 147 0
22 129 0
28 131 0
3 140 0
5 134 0
26 161 0
7 146 0
33 100 0
13 112 0
4 146 0
7 110 0
30 89 0
4 110 0
14 148 0
34 153 0
15 94 0
22 104 0
15 106 0
30 157 0
24 164 0
13 155 0
30 147 0
18 129 0
29 142 0
4 147 0
15 135 0
20 150 0
9 134 0
24 103 0
11 144 0
38 101 0
34 145 0
27 95 0
20 160 0
3 119 0
21 97 0
23 125 0
17 138 0
12 153 0
19 139 0
20 109 0
5 159 0
18 104 0
25 156 0
20 92 0
20 105 0
1 97 0
28 144 0
3 121 0
1 160 0
18 150 0
8 136 0
33 102 0
26 120 0
31 149 0
12 145 0
34 95 0
26 96 0
37 141 0
22 113 0
1 109 0
29 118 0
21 146 0
6 164 0
37 114 0
20 89 0
16 135 0
21 110 0
27 112 0
30 139 0
10 152 0
39 102 0
2 134 0
6 103 0
9 159 0
39 152 0
32 126 0
20 157 0
26 148 0
8 115 0
20 147 0
11 104 0
14 132 0
21 147 0
16 93 0
11 150 0
24 107 0
18 113 0
27 155 0
8 163 0
7 116 0
37 154 0
1 157 0
6 151 0
4 116 0
7 111 0
29 123 0
34 112 0
1 147 0
24 124 0
11 109 0
11 92 0
11 105 0
12 101 0
28 150 0
7 91 0
6 158 0
4 91 0
28 160 0
13 126 0
3 141 0
31 153 0
32 142 0
10 144 0
34 155 0
23 151 0
2 159 0
3 114 0
25 128 0
12 112 0
26 135 0
28 109 0
35 127 0
11 89 0
28 92 0
20 139 0
28 105 0
31 145 0
23 158 0
23 122 0
15 134 0
38 161 0
35 142 0
26 93 0
7 117 0
6 124 0
1 139 0
10 129 0
20 125 0
28 89 0
3 154 0
6 140 0
24 99 0
26 132 0
39 129 0
33 146 0
35 94 0
13 142 0
32 118 0
24 90 0
24 121 0
8 149 0
21 116 0
33 110 0
35 106 0
28 157 0
23 98 0
28 147 0
16 137 0
29 156 0
5 131 0
10 104 0
18 125 0
21 91 0
23 140 0
39 104 0
10 150 0
35 118 0
15 159 0
27 126 0
31 101 0
19 98 0
6 119 0
7 103 0
19 136 0
23 130 0
32 123 0
13 118 0
8 162 0
22 164 0
10 105 0
9 131 0
33 113 0
16 108 0
31 112 0
8 133 0
17 127 0
6 121 0
9 152 0
14 165 0
23 119 0
34 126 0
28 139 0
30 98 0
19 130 0
10 113 0
30 136 0
36 127 0
8 153 0
12 161 0
19 115 0
38 148 0
39 113 0
4 136 0
5 144 0
26 137 0
27 142 0
23 143 0
24 141 0
18 164 0
27 96 0
22 151 0
13 123 0
19 163 0
24 114 0
28 125 0
17 94 0
36 142 0
17 106 0
8 145 0
30 130 0
22 158 0
22 122 0
29 128 0
17 135 0
36 94 0
2 131 0
20 158 0
20 122 0
30 115 0
33 116 0
7 107 0
36 106 0
34 120 0
2 152 0
9 144 0
33 111 0
4 107 0
34 96 0
18 151 0
30 163 0
26 108 0
24 154 0
32 156 0
27 118 0
33 91 0
38 135 0
6 141 0
18 122 0
18 158 0
36 118 0
20 98 0
34 148 0
30 143 0
22 124 0
26 165 0
6 114 0
35 134 0
12 120 0
5 150 0
12 96 0
22 140 0
9 129 0
21 136 0
38 93 0
5 160 0
14 100 0
8 101 0
1 136 0
31 161 0
5 109 0
19 149 0
27 123 0
10 125 0
2 144 0
13 156 0
33 117 0
12 148 0
5 92 0
5 105 0
20 130 0
9 104 0
18 124 0
6 154 0
11 158 0
11 122 0
20 115 0
15 131 0
36 123 0
18 140 0
9 150 0
15 152 0
21 107 0
7 99 0
20 163 0
22 119 0
7 90 0
27 132 0
7 121 0
5 89 0
24 138 0
4 90 0
37 127 0
30 149 0
1 115 0
35 159 0
25 97 0
25 160 0
28 158 0
28 122 0
2 129 0
29 131 0
9 105 0
11 98 0
20 143 0
22 121 0
1 163 0
33 164 0
25 109 0
32 128 0
37 142 0
14 102 0
33 103 0
18 119 0
11 140 0
34 132 0
10 164 0
16 102 0
37 94 0
2 104 0
26 100 0
17 134 0
28 98 0
16 152 0
31 120 0
37 106 0
39 164 0
2 150 0
19 153 0
31 96 0
7 162 0
25 110 0
15 144 0
11 130 0
25 89 0
39 103 0
4 162 0
38 137 0
27 156 0
11 115 0
7 133 0
36 134 0
4 133 0
25 157 0
12 132 0
19 145 0
13 128 0
25 147 0
36 156 0
37 118 0
11 163 0
31 148 0
2 105 0
17 108 0
3 127 0
10 151 0
11 119 0
23 95 0
28 130 0
5 139 0
20 149 0
21 90 0
30 153 0
39 151 0
7 141 0
4 153 0
28 115 0
15 129 0
11 143 0
3 142 0
10 158 0
10 122 0
8 161 0
28 163 0
22 141 0
38 108 0
5 125 0
1 149 0
17 159 0
30 145 0
33 107 0
4 145 0
22 114 0
26 102 0
3 94 0
3 106 0
15 104 0
36 159 0
28 143 0
33 124 0
15 150 0
23 112 0
7 154 0
21 162 0
25 139 0
19 101 0
18 141 0
10 124 0
9 125 0
16 129 0
21 133 0
3 118 0
10 140 0
18 114 0
22 154 0
39 124 0
1 162 0
23 155 0
39 140 0
15 105 0
14 146 0
31 93 0
19 112 0
27 165 0
27 128 0
11 149 0
20 153 0
14 110 0
29 97 0
1 133 0
29 160 0
35 131 0
21 153 0
10 130 0
31 132 0
30 101 0
16 104 0
4 101 0
8 120 0
29 109 0
8 96 0
20 145 0
1 153 0
29 92 0
18 154 0
28 149 0
21 145 0
33 99 0
3 123 0
30 112 0
10 119 0
34 165 0
34 128 0
33 90 0
37 134 0
33 121 0
39 119 0
2 125 0
8 148 0
1 145 0
37 156 0
10 143 0
29 89 0
7 138 0
24 127 0
4 138 0
20 95 0
39 121 0
29 157 0
29 147 0
12 165 0
16 113 0
5 158 0
5 122 0
35 144 0
26 146 0
9 151 0
18 95 0
24 94 0
21 101 0
24 106 0
27 100 0
37 159 0
33 133 0
5 98 0
28 153 0
24 135 0
20 112 0
9 158 0
9 122 0
1 101 0
3 134 0
17 152 0
23 126 0
14 116 0
19 161 0
3 156 0
5 140 0
14 111 0
36 131 0
32 97 0
33 141 0
15 125 0
32 160 0
8 93 0
28 145 0
22 155 0
29 139 0
34 100 0
20 155 0
38 102 0
6 142 0
16 111 0
21 138 0
11 95 0
14 91 0
32 109 0
8 132 0
38 152 0
5 130 0
26 113 0
9 98 0
32 92 0
39 141 0
5 115 0
35 150 0
10 114 0
2 151 0
6 94 0
30 161 0
39 114 0
35 160 0
6 106 0
4 161 0
9 140 0
5 163 0
25 136 0
28 95 0
23 142 0
18 155 0
5 119 0
31 165 0
12 100 0
2 158 0
2 122 0
32 89 0
33 154 0
3 159 0
13 97 0
17 144 0
35 109 0
13 160 0
35 92 0
35 105 0
9 130 0
14 117 0
5 143 0
32 157 0
6 118 0
11 112 0
13 109 0
32 147 0
36 144 0
39 154 0
13 92 0
19 120 0
16 117 0
19 96 0
25 115 0
35 89 0
26 116 0
2 98 0
9 119 0
26 111 0
17 129 0
11 155 0
23 118 0
25 163 0
28 112 0
35 157 0
13 89 0
2 140 0
9 143 0
19 148 0
26 91 0
30 120 0
8 137 0
6 123 0
15 151 0
13 157 0
30 96 0
13 147 0
12 102 0
21 161 0
28 155 0
2 130 0
14 103 0
17 104 0
38 129 0
16 164 0
5 149 0
17 150 0
24 134 0
15 158 0
15 122 0
32 139 0
22 126 0
10 95 0
33 138 0
1 161 0
20 126 0
30 148 0
37 131 0
27 97 0
23 123 0
7 127 0
2 119 0
36 150 0
31 100 0
26 117 0
38 104 0
36 160 0
14 136 0
17 105 0
8 108 0
35 139 0
2 143 0
15 98 0
16 151 0
36 109 0
18 126 0
36 92 0
36 105 0
34 97 0
25 90 0
27 146 0
17 113 0
13 139 0
8 165 0
7 94 0
15 140 0
25 149 0
22 142 0
27 110 0
35 125 0
7 106 0
19 93 0
20 120 0
6 134 0
20 96 0
24 159 0
29 98 0
14 107 0
7 135 0
26 164 0
22 94 0
19 132 0
36 89 0
6 156 0
27 157 0
15 130 0
29 136 0
4 135 0
27 147 0
38 113 0
37 144 0
10 155 0
26 103 0
1 120 0
3 131 0
34 146 0
36 157 0
1 96 0
11 126 0
20 148 0
31 102 0
36 147 0
18 142 0
34 110 0
4 93 0
15 119 0
25 162 0
16 124 0
23 156 0
29 130 0
22 118 0
30 132 0
16 140 0
29 115 0
1 148 0
25 133 0
28 126 0
15 143 0
12 146 0
29 163 0
12 110 0
25 153 0
11 142 0
5 95 0
38 116 0
18 118 0
38 111 0
22 123 0
36 139 0
3 144 0
8 100 0
14 99 0
21 135 0
25 145 0
37 150 0
26 107 0
17 125 0
14 90 0
37 160 0
28 120 0
16 99 0
28 96 0
26 124 0
16 121 0
36 125 0
37 109 0
9 95 0
21 93 0
37 92 0
37 105 0
20 132 0
35 158 0
35 122 0
11 118 0
18 123 0
5 112 0
27 91 0
32 136 0
28 148 0
1 93 0
7 137 0
4 137 0
10 126 0
23 128 0
38 117 0
34 116 0
1 132 0
37 89 0
29 149 0
14 162 0
34 111 0
5 155 0
33 127 0
35 98 0
25 101 0
31 146 0
8 102 0
37 157 0
14 133 0
24 131 0
17 164 0
31 110 0
34 91 0
9 112 0
3 150 0
24 152 0
19 165 0
32 115 0
11 123 0
35 140 0
3 160 0
2 95 0
22 156 0
26 99 0
7 108 0
12 116 0
13 136 0
32 163 0
4 108 0
12 111 0
26 121 0
3 109 0
33 94 0
38 164 0
9 155 0
10 142 0
3 92 0
3 105 0
35 130 0
33 106 0
39 142 0
16 141 0
11 132 0
35 115 0
12 91 0
38 103 0
17 151 0
30 165 0
16 114 0
33 135 0
7 159 0
34 117 0
39 94 0
35 163 0
18 156 0
13 115 0
21 137 0
35 119 0
39 106 0
3 89 0
6 131 0
17 158 0
17 122 0
2 112 0
29 153 0
37 139 0
28 132 0
24 144 0
38 151 0
13 163 0
3 157 0
1 137 0
35 143 0
3 147 0
36 158 0
36 122 0
10 118 0
16 154 0
12 117 0
39 118 0
29 145 0
37 125 0
2 155 0
15 95 0
11 156 0
21 108 0
17 124 0
27 136 0
24 129 0
14 101 0
19 100 0
32 149 0
26 141 0
17 140 0
5 126 0
36 98 0
22 128 0
31 116 0
26 114 0
20 165 0
1 108 0
20 128 0
31 111 0
10 123 0
6 144 0
8 146 0
17 130 0
39 123 0
38 124 0
24 104 0
3 139 0
31 91 0
35 149 0
25 161 0
34 136 0
30 100 0
1 165 0
12 103 0
24 150 0
15 112 0
27 107 0
36 130 0
14 138 0
9 126 0
29 101 0
18 128 0
32 162 0
26 154 0
13 149 0
17 119 0
36 115 0
3 125 0
5 120 0
5 142 0
32 133 0
5 96 0
36 163 0
15 155 0
24 92 0
24 105 0
17 143 0
19 102 0
34 107 0
31 117 0
32 153 0
33 134 0
8 113 0
36 143 0
11 165 0
11 128 0
38 99 0
9 142 0
13 162 0
6 150 0
38 121 0
32 145 0
30 102 0
39 134 0
2 126 0
6 160 0
13 133 0
10 156 0
37 158 0
4 102 0
25 120 0
37 122 0
7 152 0
12 107 0
20 100 0
25 96 0
39 156 0
4 152 0
6 109 0
28 165 0
28 128 0
22 131 0
6 92 0
6 105 0
13 153 0
26 138 0
27 90 0
23 97 0
23 160 0
31 103 0
1 100 0
25 148 0
33 159 0
37 98 0
8 116 0
9 118 0
8 111 0
23 109 0
36 149 0
13 145 0
6 89 0
5 123 0
2 142 0
18 131 0
34 99 0
8 91 0
6 157 0
17 114 0
32 101 0
34 90 0
6 147 0
35 95 0
7 144 0
23 110 0
37 130 0
5 132 0
3 158 0
3 122 0
23 89 0
27 162 0
15 126 0
37 115 0
38 141 0
21 102 0
22 144 0
29 161 0
9 123 0
11 100 0
24 125 0
21 152 0
23 157 0
27 133 0
38 114 0
12 99 0
23 147 0
37 163 0
19 146 0
12 90 0
12 121 0
1 102 0
2 118 0
37 119 0
19 110 0
10 128 0
8 117 0
7 129 0
31 107 0
4 129 0
3 98 0
13 101 0
27 153 0
28 100 0
34 162 0
35 112 0
25 93 0
37 143 0
36 153 0
6 139 0
34 133 0
38 154 0
25 132 0
30 146 0
15 142 0
27 145 0
7 104 0
5 156 0
30 110 0
4 104 0
35 155 0
7 150 0
36 145 0
2 123 0
3 130 0
6 125 0
12 162 0
14 127 0
8 164 0
3 115 0
23 139 0
22 150 0
29 120 0
12 133 0
8 103 0
17 95 0
29 96 0
22 97 0
16 127 0
22 160 0
3 163 0
20 97 0
9 156 0
15 118 0
22 109 0
36 95 0
37 149 0
16 142 0
22 92 0
22 105 0
21 129 0
3 143 0
29 148 0
7 113 0
31 99 0
14 106 0
24 151 0
4 113 0
33 131 0
31 90 0
27 101 0
31 121 0
16 94 0
18 97 0
14 135 0
18 160 0
32 161 0
33 152 0
16 106 0
20 146 0
38 138 0
22 89 0
10 131 0
20 110 0
17 112 0
24 122 0
24 158 0
19 116 0
18 109 0
21 104 0
25 137 0
39 131 0
19 111 0
18 92 0
18 105 0
22 157 0
15 123 0
14 93 0
22 147 0
1 146 0
36 112 0
34 101 0
16 118 0
5 165 0
2 156 0
5 128 0
1 110 0
8 107 0
19 91 0
26 127 0
17 155 0
11 97 0
24 98 0
18 89 0
11 160 0
31 162 0
30 116 0
13 161 0
3 149 0
8 124 0
30 111 0
36 155 0
31 133 0
4 111 0
35 126 0
18 157 0
24 140 0
25 108 0
33 144 0
18 147 0
29 93 0
30 91 0
21 113 0
26 94 0
9 128 0
6 122 0
28 97 0
34 138 0
26 106 0
32 120 0
19 117 0
31 141 0
29 132 0
32 96 0
11 146 0
24 130 0
25 165 0
39 144 0
1 113 0
11 110 0
22 139 0
7 125 0
33 129 0
11 157 0
6 98 0
32 148 0
24 119 0
12 138 0
35 120 0
11 147 0
28 146 0
15 156 0
22 125 0
35 96 0
30 117 0
37 95 0
28 110 0
4 117 0
8 99 0
24 143 0
20 116 0
18 139 0
13 120 0
14 137 0
31 154 0
3 153 0
33 104 0
13 96 0
20 111 0
2 128 0
5 100 0
21 111 0
33 150 0
19 103 0
27 161 0
14 134 0
6 130 0
23 136 0
20 91 0
1 116 0
6 115 0
3 145 0
1 111 0
13 148 0
16 134 0
17 126 0
10 97 0
39 150 0
7 164 0
10 160 0
6 163 0
33 105 0
37 112 0
16 156 0
4 164 0
39 160 0
11 139 0
14 108 0
30 103 0
34 161 0
10 109 0
36 126 0
4 103 0
23 115 0
10 92 0
39 109 0
6 143 0
25 100 0
39 92 0
39 105 0
3 95 0
32 93 0
37 155 0
20 117 0
23 163 0
21 117 0
7 151 0
32 132 0
14 159 0
35 123 0
4 151 0
31 138 0
10 89 0
17 142 0
8 141 0
15 128 0
19 107 0
27 120 0
39 89 0
1 117 0
16 159 0
38 127 0
8 114 0
7 158 0
7 122 0
10 157 0
11 91 0
10 147 0
36 120 0
39 157 0
26 134 0
36 96 0
39 147 0
28 116 0
35 132 0
28 111 0
38 142 0
3 112 0
13 93 0
29 165 0
27 148 0
21 164 0
30 107 0
6 149 0
13 132 0
28 91 0
25 102 0
38 94 0
36 148 0
21 103 0
8 154 0
17 118 0
38 106 0
1 164 0
3 155 0
7 124 0
4 124 0
7 140 0
1 103 0
22 98 0
23 90 0
4 140 0
23 149 0
20 136 0
21 151 0
34 127 0
38 118 0
10 139 0
26 159 0
32 137 0
5 97 0
33 125 0
35 156 0
39 139 0
28 117 0
19 99 0
27 135 0
19 90 0
17 123 0
19 121 0
18 98 0
22 130 0
37 126 0
18 136 0
22 115 0
7 119 0
39 125 0
12 127 0
20 107 0
23 162 0
24 95 0
27 93 0
6 153 0
22 163 0
5 146 0
9 97 0
30 99 0
9 160 0
4 99 0
5 110 0
23 133 0
8 138 0
30 90 0
32 108 0
30 121 0
13 137 0
29 100 0
34 135 0
4 121 0
18 130 0
9 109 0
1 107 0
21 124 0
6 145 0
36 132 0
22 143 0
18 115 0
9 92 0
5 157 0
21 140 0
19 162 0
12 94 0
23 153 0
5 147 0
32 165 0
34 93 0
11 136 0
12 106 0
37 120 0
1 124 0
18 163 0
19 133 0
37 96 0
14 152 0
12 135 0
24 112 0
16 131 0
9 89 0
23 145 0
25 146 0
3 126 0
6 95 0
13 108 0
18 143 0
19 141 0
28 136 0
30 162 0
37 148 0
2 97 0
35 165 0
9 157 0
17 156 0
2 160 0
35 128 0
9 147 0
12 93 0
33 151 0
24 155 0
30 133 0
11 107 0
2 109 0
29 102 0
20 99 0
13 165 0
38 134 0
2 92 0
20 90 0
21 99 0
22 149 0
33 158 0
31 127 0
33 122 0
21 121 0
27 137 0
4 141 0
28 107 0
1 99 0
7 114 0
3 120 0
2 110 0
19 154 0
6 112 0
4 114 0
3 96 0
2 89 0
1 121 0
39 158 0
39 122 0
25 113 0
23 101 0
16 144 0
26 131 0
18 149 0
2 157 0
33 98 0
31 94 0
2 147 0
26 152 0
37 123 0
9 139 0
32 100 0
31 106 0
6 155 0
34 137 0
3 148 0
20 162 0
14 129 0
33 140 0
10 98 0
5 91 0
15 97 0
31 135 0
27 108 0
15 160 0
4 154 0
38 159 0
10 136 0
39 98 0
20 133 0
37 132 0
15 109 0
33 130 0
35 100 0
17 128 0
11 90 0
15 92 0
22 153 0
12 137 0
14 104 0
25 116 0
21 141 0
36 165 0
13 100 0
25 111 0
34 108 0
36 128 0
39 130 0
10 115 0
12 134 0
28 99 0
15 110 0
19 138 0
21 114 0
22 145 0
26 144 0
33 119 0
2 139 0
15 89 0
16 150 0
28 90 0
39 115 0
24 126 0
1 141 0
25 91 0
10 163 0
16 160 0
32 102 0
18 153 0
33 143 0
15 157 0
1 114 0
39 163 0
7 95 0
15 147 0
29 146 0
34 159 0
16 109 0
11 162 0
12 108 0
29 110 0
16 92 0
16 105 0
8 127 0
30 138 0
18 145 0
21 154 0
22 95 0
14 113 0
39 143 0
11 133 0
26 129 0
6 161 0
3 132 0
25 117 0
1 154 0
28 162 0
16 89 0
24 142 0
12 159 0
11 153 0
13 102 0
6 126 0
28 133 0
20 101 0
8 94 0
16 157 0
23 161 0
26 104 0
8 106 0
26 150 0
31 137 0
11 145 0
15 139 0
8 135 0
17 131 0
22 112 0
36 100 0
5 136 0
7 155 0
10 149 0
31 134 0
18 101 0
25 164 0
26 92 0
26 105 0
39 149 0
24 118 0
20 138 0
25 103 0
33 114 0
38 131 0
6 120 0
6 96 0
18 112 0
31 108 0
37 165 0
37 128 0
9 136 0
5 107 0
1 138 0
16 139 0
35 97 0
32 146 0
10 162 0
29 116 0
6 148 0
23 120 0
11 101 0
27 102 0
29 111 0
32 110 0
23 96 0
24 123 0
27 152 0
31 159 0
16 125 0
29 91 0
9 115 0
35 146 0
10 153 0
23 148 0
28 101 0
35 110 0
39 153 0
9 163 0
34 102 0
38 144 0
25 107 0
34 152 0
13 146 0
2 136 0
10 145 0
13 110 0
35 147 0
3 165 0
3 128 0
32 113 0
39 145 0
25 124 0
22 161 0
29 117 0
14 164 0
19 127 0
20 161 0
7 126 0
28 138 0
33 95 0
5 90 0
12 152 0
8 134 0
37 100 0
2 115 0
26 125 0
17 97 0
17 160 0
39 95 0
6 132 0
24 156 0
2 163 0
18 161 0
30 127 0
19 94 0
17 109 0
4 127 0
13 113 0
14 151 0
36 97 0
19 106 0
27 129 0
17 92 0
23 93 0
38 150 0
10 101 0
32 116 0
19 135 0
7 142 0
38 160 0
29 103 0
33 112 0
32 111 0
9 149 0
23 132 0
4 142 0
14 122 0
14 158 0
15 136 0
25 99 0
5 162 0
25 121 0
38 109 0
30 94 0
17 89 0
10 112 0
22 120 0
32 91 0
16 158 0
12 144 0
16 122 0
4 94 0
5 133 0
22 96 0
8 159 0
30 106 0
34 129 0
11 161 0
36 146 0
39 112 0
33 155 0
4 106 0
17 157 0
36 110 0
30 135 0
17 147 0
3 100 0
5 153 0
15 115 0
38 89 0
13 116 0
22 148 0
7 118 0
9 162 0
14 124 0
35 91 0
13 111 0
28 161 0
39 155 0
34 104 0
16 98 0
4 118 0
18 120 0
14 140 0
15 163 0
30 93 0
18 96 0
20 127 0
12 129 0
31 152 0
2 149 0
32 117 0
21 127 0
5 145 0
13 91 0
26 151 0
27 113 0
24 128 0
29 107 0
9 153 0
1 127 0
18 148 0
21 142 0
12 104 0
16 130 0
26 158 0
26 122 0
23 137 0
7 123 0
12 150 0
16 115 0
17 139 0
25 141 0
21 94 0
11 120 0
14 119 0
9 145 0
11 96 0
21 106 0
25 114 0
34 113 0
2 162 0
20 135 0
16 163 0
32 164 0
13 117 0
16 119 0
1 94 0
31 144 0
2 133 0
32 103 0
1 106 0
14 121 0
19 137 0
37 97 0
38 139 0
26 98 0
11 148 0
5 101 0
16 143 0
21 118 0
27 116 0
1 135 0
6 165 0
6 128 0
20 93 0
27 111 0
10 161 0
19 134 0
23 108 0
2 153 0
22 132 0
26 140 0
15 149 0
25 154 0
12 113 0
36 116 0
33 126 0
38 125 0
36 111 0
31 129 0
30 137 0
13 164 0
29 99 0
37 146 0
26 130 0
2 145 0
23 165 0
28 127 0
36 91 0
29 90 0
37 110 0
9 101 0
29 121 0
13 103 0
19 108 0
39 126 0
30 134 0
18 132 0
4 134 0
8 131 0
26 163 0
7 156 0
31 104 0
35 136 0
11 135 0
26 119 0
4 156 0
8 152 0
15 162 0
37 147 0
31 150 0
3 97 0
16 149 0
32 107 0
33 142 0
27 117 0
15 133 0
19 159 0
26 143 0
30 108 0
14 141 0
11 93 0
32 124 0
10 120 0
28 135 0
14 114 0
29 162 0
10 96 0
15 153 0
39 120 0
25 138 0
39 96 0
35 107 0
2 101 0
29 133 0
3 146 0
6 100 0
30 159 0
20 137 0
28 93 0
3 110 0
4 159 0
31 113 0
10 148 0
15 145 0
13 107 0
27 164 0
33 118 0
39 148 0
8 144 0
12 125 0
29 141 0
14 154 0
27 103 0
21 134 0
13 124 0
23 100 0
21 156 0
5 161 0
38 158 0
38 122 0
1 134 0
17 98 0
32 99 0
20 108 0
34 164 0
37 116 0
7 128 0
17 136 0
27 151 0
32 90 0
32 121 0
8 129 0
34 103 0
33 123 0
29 154 0
22 165 0
37 91 0
36 136 0
15 101 0
38 98 0
9 161 0
20 159 0
11 137 0
12 164 0
8 104 0
21 159 0
35 90 0
34 151 0
17 115 0
38 140 0
8 150 0
10 93 0
13 99 0
23 102 0
16 95 0
24 97 0
1 159 0
13 90 0
18 165 0
13 121 0
17 163 0
24 160 0
10 132 0
28 137 0
34 158 0
36 107 0
38 130 0
39 132 0
24 109 0
27 124 0
31 125 0
38 115 0
8 105 0
3 116 0
12 151 0
3 111 0
11 108 0
38 163 0
19 152 0
35 162 0
38 119 0
2 161 0
32 141 0
3 91 0
5 148 0
12 158 0
12 122 0
24 110 0
29 138 0
35 133 0
24 89 0
32 114 0
33 156 0
16 112 0
34 124 0
9 120 0
28 108 0
38 143 0
9 96 0
34 140 0
7 131 0
6 97 0
14 155 0
24 157 0
24 147 0
4 131 0
22 100 0
35 153 0
30 152 0
26 95 0
16 155 0
9 148 0
27 99 0
31 164 0
28 159 0
32 154 0
12 124 0
13 141 0
17 149 0
27 121 0
35 145 0
12 140 0
19 144 0
10 137 0
36 99 0
13 114 0
6 146 0
36 90 0
5 135 0
25 127 0
34 119 0
6 110 0
37 136 0
2 120 0
2 96 0
15 161 0
38 149 0
26 112 0
31 151 0
5 93 0
34 121 0
24 139 0
23 146 0
30 144 0
19 129 0
4 144 0
13 154 0
22 102 0
17 162 0
25 94 0
20 102 0
12 119 0
2 148 0
31 158 0
31 122 0
21 131 0
25 106 0
20 152 0
37 107 0
8 125 0
26 155 0
33 128 0
36 162 0
25 135 0
35 101 0
1 131 0
19 104 0
10 165 0
36 133 0
9 93 0
32 138 0
17 153 0
30 129 0
1 152 0
19 150 0
39 165 0
18 102 0
39 128 0
27 141 0
9 132 0
3 136 0
14 126 0
27 114 0
31 124 0
23 113 0
17 145 0
31 140 0
15 120 0
16 126 0
15 96 0
30 104 0
30 150 0
4 150 0
7 97 0
34 141 0
7 160 0
21 144 0
13 138 0
4 160 0
11 102 0
19 113 0
6 116 0
3 107 0
34 114 0
27 154 0
15 148 0
11 152 0
6 111 0
2 93 0
7 109 0
5 137 0
1 144 0
4 109 0
7 92 0
7 105 0
14 142 0
4 92 0
4 105 0
2 132 0
37 90 0
31 119 0
6 91 0
28 102 0
20 129 0
12 141 0
16 120 0
14 94 0
23 116 0
16 96 0
28 152 0
30 113 0
8 151 0
17 101 0
12 114 0
23 111 0
31 143 0
34 154 0
7 89 0
38 95 0
29 127 0
4 89 0
10 100 0
22 146 0
9 137 0
1 129 0
23 91 0
26 126 0
7 157 0
22 110 0
39 100 0
36 101 0
8 158 0
5 108 0
7 147 0
8 122 0
4 157 0
16 148 0
20 104 0
14 118 0
38 105 0
6 117 0
21 150 0
37 162 0
12 154 0
29 94 0
21 160 0
25 134 0
1 104 0
35 161 0
29 106 0
37 133 0
18 146 0
27 138 0
3 99 0
1 150 0
15 93 0
38 112 0
18 110 0
8 98 0
21 109 0
3 90 0
29 135 0
9 108 0
36 138 0
21 105 0
23 117 0
15 132 0
24 136 0
26 142 0
37 153 0
11 129 0
8 140 0
19 125 0
2 137 0
14 123 0
20 113 0
38 155 0
10 102 0
1 105 0
9 165 0
7 139 0
21 89 0
4 139 0
16 123 0
37 145 0
8 130 0
28 129 0
21 157 0
24 115 0
31 114 0
25 159 0
12 95 0
30 125 0
3 162 0
23 164 0
4 125 0
24 163 0
8 119 0
26 118 0
16 132 0
2 108 0
3 133 0
23 103 0
6 136 0
32 127 0
28 104 0
22 116 0
8 143 0
22 111 0
19 164 0
2 165 0
17 161 0
35 148 0
22 91 0
15 137 0
11 113 0
33 97 0
37 101 0
33 160 0
32 94 0
36 161 0
26 123 0
14 156 0
6 107 0
21 139 0
32 106 0
18 116 0
33 109 0
30 164 0
13 127 0
18 111 0
33 92 0
32 135 0
39 97 0
19 151 0
12 155 0
28 113 0
9 100 0
29 137 0
18 91 0
21 125 0
23 107 0
37 138 0
19 158 0
19 122 0
22 117 0
15 108 0
29 134 0
24 149 0
38 126 0
33 89 0
31 95 0
1 125 0
10 146 0
13 94 0
35 135 0
5 102 0
23 124 0
30 151 0
10 110 0
11 116 0
13 106 0
33 157 0
39 146 0
5 152 0
33 147 0
11 111 0
17 120 0
39 110 0
15 165 0
17 96 0
13 135 0
3 101 0
29 108 0
35 93 0
30 158 0
30 122 0
18 117 0
4 158 0
4 122 0
19 124 0
2 100 0
24 162 0
19 140 0
17 148 0
6 99 0
38 120 0
9 102 0
20 164 0
26 156 0
38 96 0
6 90 0
22 103 0
24 133 0
29 159 0
20 103 0
27 127 0
14 128 0
25 131 0
7 98 0
3 138 0
25 152 0
4 98 0
7 136 0
16 165 0
30 124 0
16 128 0
24 153 0
23 99 0
31 155 0
11 117 0
33 139 0
30 140 0
23 121 0
20 151 0
22 136 0
18 103 0
19 119 0
27 94 0
37 161 0
12 126 0
24 145 0
27 106 0
7 130 0
6 162 0
4 130 0
7 115 0
2 102 0
19 143 0
1 151 0
4 115 0
21 158 0
21 122 0
34 142 0
5 129 0
6 133 0
32 134 0
15 100 0
7 163 0
36 135 0
11 164 0
4 163 0
30 119 0
10 116 0
22 107 0
17 93 0
25 144 0
34 94 0
1 158 0
1 122 0
4 119 0
8 95 0
10 111 0
35 137 0
39 116 0
34 106 0
11 103 0
39 111 0
17 132 0
38 123 0
7 143 0
5 104 0
36 93 0
4 143 0
10 91 0
21 98 0
12 142 0
26 128 0
20 124 0
28 164 0
39 91 0
20 140 0
24 101 0
34 118 0
28 103 0
1 98 0
11 151 0
13 134 0
18 107 0
25 129 0
3 161 0
23 141 0
38 132 0
14 131 0
16 100 0
32 159 0
23 114 0
35 108 0
9 146 0
1 140 0
8 112 0
21 130 0
9 110 0
15 102 0
21 115 0
10 117 0
28 151 0
25 104 0
31 126 0
12 118 0
39 117 0
5 113 0
1 130 0
20 119 0
25 150 0
21 163 0
7 149 0
8 155 0
19 114 0
21 119 0
34 123 0
4 149 0
22 99 0
23 154 0
22 90 0
6 101 0
29 152 0
13 159 0
20 121 0
1 119 0
21 143 0
11 124 0
38 156 0
25 92 0
17 137 0
25 105 0
30 141 0
2 146 0
9 113 0
14 144 0
30 114 0
1 143 0
12 123 0
31 142 0
36 137 0
18 99 0
10 103 0
27 134 0
18 90 0
28 124 0
18 121 0
37 135 0
5 116 0
28 140 0
5 111 0
6 138 0
33 136 0
22 162 0
30 154 0
22 133 0
37 93 0
29 144 0
7 153 0
34 134 0
21 149 0
39 136 0
36 108 0
23 138 0
11 99 0
31 118 0
34 156 0
2 113 0
9 116 0
17 165 0
11 121 0
9 111 0
33 115 0
24 161 0
7 145 0
18 162 0
28 119 0
19 95 0
20 141 0
27 159 0
14 150 0
15 146 0
18 133 0
20 114 0
9 91 0
14 97 0
33 163 0
14 160 0
29 129 0
5 117 0
8 126 0
38 165 0
38 128 0
28 121 0
3 135 0
39 107 0
12 156 0
16 97 0
14 109 0
32 131 0
14 92 0
14 105 0
31 123 0
32 152 0
30 95 0
4 95 0
29 104 0
3 93 0
20 154 0
29 150 0
25 125 0
2 111 0
9 117 0
14 89 0
35 102 0
7 101 0
16 146 0
5 164 0
35 152 0
16 110 0
15 113 0
8 142 0
2 91 0
14 157 0
24 120 0
